111.8615
842.4884
171.2144
707.2040
927.1880
468.7562
146.8671
196.8277
380.0589
168.7974
503.7697
511.5930
936.0051
375.5218
716.2784
510.0394
794.0699
668.9198
814.2828
497.9737
412.2867
784.5759
147.2868
969.5725
584.4332
168.3250
606.8208
773.4597
248.6828
572.9862
338.0816
157.7537
111.6985
340.1488
698.8717
820.8768
623.6055
5.6664
813.6712
356.6404
634.4022
194.2008
231.5497
762.3895
650.9685
242.6913
961.7274
983.4168
116.0731
756.4070
963.6996
764.1433
63.1205
122.1367
887.5259
158.0913
827.8188
662.6241
591.3448
880.5954
347.1380
649.9471
740.9461
688.1643
541.6576
272.6067
342.4834
997.8558
183.0397
760.0212
832.5232
184.9121
268.5161
635.8904
14.1089
774.8958
735.5420
642.0309
128.9252
116.5270
237.2927
945.9168
198.4988
214.5918
962.9007
457.6133
828.0532
749.9871
7.5954
657.6457
597.1799
205.7397
263.9175
752.7804
277.3185
238.1520
395.1767
515.1399
187.1880
349.2001
15.1252
227.6489
447.1421
729.2901
0.9161
837.5057
73.2009
585.5447
12.5854
271.2414
783.2958
79.4526
94.4363
368.9406
417.8361
5.9319
222.7244
627.0855
793.9236
672.1093
970.2608
971.3201
485.0745
611.0651
177.6033
373.2136
184.8559
860.0044
471.2385
787.1924
209.1569
435.0743
534.7571
465.4014
462.6645
46.2123
610.1766
279.6707
434.7606
353.0614
651.3876
632.7896
114.1041
265.5427
627.8307
334.2628
340.4036
862.6094
893.7512
721.7039
68.7669
591.9752
142.4133
51.1815
855.6111
620.9106
175.8753
12.9932
629.9173
795.2756
829.1030
841.2324
265.5902
369.4704
912.9748
330.6436
963.0602
931.8756
228.2884
138.4477
964.7716
248.3323
699.8806
911.6191
106.0453
914.9977
703.9192
562.8929
443.5180
357.8952
166.2939
172.3844
65.8393
471.2689
644.3558
776.0831
446.5725
280.4667
386.5714
140.2880
232.5098
741.3759
763.7785
604.1608
991.4962
271.8859
379.4544
239.9426
941.8046
183.9022
199.4597
150.4807
211.3611
960.4369
376.4530
551.5428
888.1376
408.3519
502.7383
63.1925
658.9751
789.5218
463.1808
885.8830
390.1280
314.5930
363.7999
741.4259
953.7005
402.6398
473.3071
121.9947
158.7640
290.3374
218.2710
372.4811
381.2291
712.9771
332.2378
96.9336
435.0297
646.1525
924.8354
786.8235
687.2174
919.9224
670.0788
273.7802
303.0154
902.6643
86.4691
232.2361
194.5850
242.1820
931.6959
861.0405
775.3397
503.2409
267.3801
311.1240
327.8022
397.4516
18.5030
193.1979
471.0247
89.5147
570.1510
592.3246
360.7545
768.3935
740.1609
29.3731
920.8393
781.1437
957.3537
956.5434
980.4571
391.0725
55.5709
535.3585
137.3964
757.5040
209.0766
874.2930
990.5221
214.1573
79.4940
721.2663
872.5902
569.6510
670.7496
1.9365
457.9932
465.7759
373.6980
194.2406
249.6097
46.2049
582.4860
795.6687
654.7502
979.9134
406.8853
363.7910
565.5924
200.7860
262.6948
79.2390
261.3829
333.0663
680.4301
701.2274
494.5341
812.6175
59.1756
391.3609
841.8425
673.8464
416.7021
483.1696
154.4838
564.8296
56.7246
51.3638
108.8148
273.4647
728.7792
466.6843
271.7672
698.9175
885.8339
812.8774
380.8622
891.1297
684.2583
333.0142
773.6792
349.8498
754.5414
359.4559
685.5174
79.4180
337.0224
111.0787
215.8573
576.0791
191.4490
148.5811
223.7168
751.8282
690.9755
157.0656
845.6245
739.8690
742.1662
914.6735
279.3829
819.8001
49.7471
242.7374
412.9080
853.3621
390.0338
864.4714
37.8839
409.1278
875.4862
822.4317
993.2218
148.7762
391.3638
22.9320
223.8884
94.6421
665.9224
209.8178
678.3000
469.7287
151.2906
97.3628
257.6431
440.3140
980.1753
825.8090
556.7990
634.3132
596.7887
407.7963
821.8551
460.5237
519.6927
966.9358
220.4572
520.8526
466.9705
667.5711
631.6831
666.7977
363.4489
415.4839
326.7776
783.3278
67.1561
103.4393
908.7166
709.7401
446.4543
491.6280
603.9480
351.8743
825.6010
826.7549
615.4428
697.5238
46.7191
474.8299
790.8358
188.4896
321.8613
890.7646
234.4900
820.8502
729.2529
842.1987
634.7654
681.3072
729.8319
271.7478
121.7304
702.0122
311.5216
384.2561
435.2177
846.2037
242.0138
431.0148
303.2002
438.3166
114.8944
559.2801
167.5075
14.2311
65.3933
824.5558
691.1276
237.6123
441.4466
578.8477
771.6012
513.2893
39.5160
181.8655
877.8829
268.7399
952.5298
144.3853
70.2944
781.5487
613.0738
472.9633
865.2105
714.6273
618.7767
96.3504
476.2650
326.4002
565.0454
305.7149
355.3361
642.9575
765.4502
707.5783
313.5314
29.7148
244.6263
855.6840
806.2345
758.6144
420.0482
934.3715
319.3281
206.5237
649.4949
143.8863
406.5160
78.0740
300.8740
147.2958
19.5200
696.0624
284.6944
403.9847
166.3027
672.9128
202.2467
678.9589
277.2398
948.2760
494.8841
785.5305
627.0734
337.3668
926.0668
710.6714
778.4092
447.4261
585.4733
956.0422
662.2570
577.9814
735.9664
784.9909
179.9018
475.2932
207.4200
724.4611
498.1209
651.3498
116.7250
135.5042
497.5493
811.8956
688.9392
743.5273
757.4444
162.9866
538.8955
491.4135
411.3439
929.9339
155.1190
372.7697
425.4475
45.0213
218.8315
24.6232
333.9652
396.8403
125.1607
652.9960
880.7725
33.8351
559.4014
801.8327
551.4280
913.9357
551.5392
225.4301
88.7039
421.0790
553.2868
753.4057
139.5861
972.2336
424.1961
121.4736
710.3550
255.2296
600.6167
961.4352
113.5590
206.8990
224.5569
108.6766
119.6339
112.3068
947.3811
704.4049
40.0312
319.4670
828.6847
488.5525
720.2718
759.1653
398.0529
169.5099
100.9432
496.5696
128.3409
590.1991
663.2874
805.6363
54.2061
382.4816
883.3003
806.9613
957.7700
298.9447
565.6525
794.3231
278.9965
966.5925
934.5680
57.0380
730.8304
230.9042
876.7640
121.9007
589.2661
430.5926
211.1971
545.2514
238.0708
64.3555
340.7755
297.7320
710.8168
556.0221
886.4774
797.0725
982.0730
625.9631
281.3641
483.2300
278.6924
67.7173
821.7382
408.5980
123.5068
58.9188
78.5100
856.1021
805.8660
118.3526
865.1164
725.7787
181.9486
162.2169
642.1813
433.0979
892.4335
842.6277
855.6580
900.9034
197.8690
909.8502
939.3552
388.8850
588.2410
729.3419
632.5060
550.3514
543.9045
925.6809
559.9455
261.1401
599.2227
166.9467
812.5010
32.5186
585.5379
529.6572
437.5127
550.0288
216.2534
627.0815
78.6224
399.1498
92.4005
39.0984
171.5960
517.8387
779.7863
377.6388
525.9494
285.8490
48.5034
130.4366
817.0543
493.8346
216.3036
929.4556
17.0916
150.7896
768.4945
545.4409
156.5472
928.8474
871.3578
331.5879
547.0256
128.8092
211.2395
272.4817
334.0277
891.2479
295.8188
751.3324
132.3749
612.4133
540.3926
439.7090
465.2575
789.3841
638.1892
697.7210
186.4930
119.1711
500.1856
491.5033
247.0051
865.8956
856.6195
281.8081
752.5116
836.3633
98.1478
853.5722
324.6930
640.5876
498.3130
167.4918
87.1890
745.4440
449.9033
551.6396
545.3558
130.5468
235.5007
982.7679
566.5750
744.1286
732.5189
964.7356
835.7986
190.6534
312.4259
438.5459
836.0813
851.7247
724.0306
878.7100
359.7908
830.5681
565.1387
58.4750
84.1790
31.3440
296.2628
147.8654
378.7512
895.0111
97.9405
275.2158
655.7288
677.3137
952.6319
549.5302
380.0724
982.4146
268.4443
124.3240
63.9264
82.5106
61.9706
217.3678
531.6027
118.0338
251.2387
582.0794
430.6729
333.0728
798.7680
207.0763
752.6728
720.0589
919.9421
129.0497
145.3342
276.5115
793.5592
741.1419
115.2084
687.1135
268.4319
585.2892
444.1824
267.7609
147.3473
744.3107
72.0759
214.1748
615.9203
833.2626
30.7123
268.0994
292.7345
31.5739
94.9432
509.5740
677.6842
66.0973
540.1319
693.0621
661.6959
256.9927
372.8710
238.4823
804.4767
370.9567
294.2363
498.7108
716.5295
53.4553
414.1213
128.1200
833.0529
420.1387
601.2756
382.4758
125.5717
845.0343
247.5300
884.8982
808.3551
136.7380
182.3072
974.8377
812.1621
762.0719
680.4633
417.5835
306.7393
731.3941
651.7545
754.7729
550.0741
154.9361
987.7905
652.3191
644.0507
399.4410
95.8701
948.3090
577.9312
610.1967
166.9818
107.4009
549.0378
41.7596
313.9241
993.3295
818.7770
64.0371
558.4239
888.0469
499.5394
403.9188
920.6521
574.9629
25.9340
297.5237
293.3289
563.3038
453.5007
376.4525
573.3619
523.6086
107.1356
285.9279
88.3106
245.8756
648.2211
709.4821
279.6816
39.4297
66.9338
420.9183
421.6955
365.9653
986.7462
706.7082
633.0096
290.2144
26.7239
88.6984
224.7943
956.3972
158.3396
575.3943
848.8539
972.4014
682.0145
132.0174
325.5684
937.6002
682.1058
62.6939
3.2451
539.8715
607.8143
982.8265
795.4456
747.8157
680.1087
801.8513
968.5185
695.3625
874.6185
145.3642
843.2925
521.8735
651.7582
193.6491
960.3430
19.3475
331.6660
712.0284
541.2794
563.9085
863.9084
705.1384
727.4650
894.8020
325.0363
717.1965
664.9944
457.0486
34.5991
820.8233
483.7402
383.9112
962.3066
453.0892
551.6837
499.6168
585.5003
583.7234
870.5286
461.3943
627.8337
784.9500
606.1557
221.5924
492.1136
866.0210
93.6395
274.0819
532.0018
295.9285
396.8026
55.8007
785.6841
475.1138
492.6211
21.2615
318.3946
60.3284
352.8172
349.0474
98.8794
886.6742
937.0887
179.3961
991.5813
67.1902
296.8187
672.5760
478.7377
412.5702
301.6053
673.6875
254.5774
105.1804
394.8484
36.4302
849.1531
374.8601
804.9245
988.2879
830.1526
801.5856
807.6523
488.5556
162.9056
769.7105
793.1717
993.5351
317.3131
111.4855
694.6793
80.6739
380.3520
676.3881
631.3919
276.5004
758.4204
963.8346
171.5499
641.9926
867.5454
76.1662
486.5069
24.4771
659.5253
278.3733
995.9569
335.6924
868.3017
533.9000
529.0257
669.4214
885.6232
997.7407
371.1950
906.9871
674.3539
715.6813
989.6666
114.3932
540.3546
106.1143
188.8280
294.3274
154.6244
916.2854
702.4235
509.2577
438.4100
982.2571
367.8123
257.7921
331.9252
767.6029
744.8011
670.6872
861.1841
741.8072
69.9874
230.1508
960.4497
772.7453
132.4981
328.7876
499.0608
829.8997
584.3309
722.1089
18.3346
432.4292
775.7651
311.2872
807.3601
845.6026
313.9513
283.4732
545.0664
1.2827
79.6475
594.0674
584.0932
693.3370
185.4801
400.5924
661.6883
228.0462
436.2355
555.8911
413.3065
754.8583
493.1898
808.7767
978.3430
539.2855
152.3877
227.0960
357.8611
831.1625
540.8554
611.1981
252.1541
324.4145
879.6532
436.1631
831.0085
307.9004
427.4899
734.5125
515.6478
135.9009
754.3761
932.6782
955.7084
812.0018
783.4220
708.8063
339.3910
680.0361
863.1893
492.3027
844.0554
178.2674
931.1577
749.4287
542.8706
189.0641
784.7647
238.8531
633.7893
866.1176
870.2681
344.1525
363.5384
956.3100
970.9938
680.5271
144.4900
665.9958
997.2480
247.3474
36.2197
19.4463
548.4444
86.9821
232.1066
835.6163
993.3069
82.4513
822.5263
469.7717
314.8756
117.2260
993.1959
190.9237
103.9098
21.1336
132.9643
678.5381
280.0291
357.6292
844.1170
770.0906
798.3551
695.1085
470.6058
232.6651
384.9998
949.3035
927.9044
181.2729
486.2625
37.7534
267.7620
441.7453
933.0995
862.4498
573.5289
205.2245
805.2706
171.4534
673.2181
253.8597
881.4170
956.0351
212.5609
504.6763
987.4986
966.5254
13.2395
748.0803
420.1470
357.6210
956.4612
345.4755
770.7445
819.0595
236.9625
22.3162
493.4432
164.0907
784.0353
728.4130
209.6342
519.2215
201.2890
935.6190
212.3751
230.2197
881.6944
731.2921
482.1320
596.1434
769.6229
456.6666
637.2336
621.3693
704.2098
652.3927
86.9893
11.5024
537.3658
130.7568
527.5833
522.4602
224.3451
966.4296
160.1976
418.6854
171.4604
453.0775
401.8462
456.9287
403.4552
96.0806
432.8681
42.2119
986.6598
277.0933
524.9094
211.9217
49.8894
330.2145
365.1247
106.3608
715.5405
152.8560
696.2534
884.1251
996.0385
270.5173
966.0133
146.1803
856.0151
682.6749
971.6028
465.8833
655.1325
448.4107
195.5355
48.2194
128.3889
928.1089
268.6197
631.9108
170.2020
957.7450
66.0437
338.9975
696.5757
708.3846
691.3738
685.1200
269.5542
20.4277
541.6273
997.1024
622.0467
781.1209
842.4520
513.7251
414.7231
506.9008
382.2516
31.0601
454.0236
748.9142
543.4525
413.7282
728.3719
713.8506
146.2562
574.6066
533.6740
371.9121
507.9923
855.4830
992.4104
263.5578
279.9275
942.6928
407.7496
929.9235
513.7233
860.3593
399.7482
372.5954
368.1124
724.6741
514.7567
123.9209
582.3477
914.2113
702.6192
908.0723
202.9928
824.0208
476.5310
57.6745
810.5762
650.9528
154.4517
933.3763
354.8219
361.4216
929.2242
774.9723
256.2873
622.3234
278.9472
313.6005
241.1136
335.9150
509.3956
519.0340
407.5933
222.7930
7.9422
458.8751
948.8907
740.9807
882.0235
339.8804
620.7128
15.3389
504.6653
283.7836
905.6430
345.7450
544.3593
299.1127
48.8260
607.3425
562.0723
900.0930
915.5434
59.4625
253.4285
294.0210
755.5413
431.5621
697.6215
98.9797
943.8282
826.8085
648.2663
603.5719
480.5748
951.8157
614.4076
175.8990
439.8309
597.9094
28.2778
223.3071
933.8751
853.4068
785.5794
856.1879
763.8374
44.0978
644.3676
947.8438
760.4649
912.1934
594.9503
67.4888
263.9253
726.8210
245.0416
769.4753
423.9931
245.8634
471.5616
582.9171
718.5989
458.8997
122.1619
211.7708
439.6586
616.8600
251.3642
345.7051
710.4868
294.9961
984.2585
622.6875
431.6802
73.9506
780.8628
334.5479
612.8871
471.0789
666.0186
146.9868
24.0038
636.8301
505.8755
663.7708
246.8905
436.8327
189.9274
245.7162
530.8339
543.6100
318.5177
893.7249
402.0408
995.0866
683.0924
296.5843
123.4891
233.9631
314.4964
806.2383
15.2511
100.7903
282.6793
729.5540
193.0312
841.0566
303.5409
88.9218
882.9581
469.3452
259.4551
423.2277
72.9980
570.1322
938.9303
895.1530
882.0561
363.9474
788.4241
538.6433
632.0477
499.9436
796.9606
302.6940
100.5333
839.4668
644.3031
405.9978
23.4528
215.2447
243.9965
132.1452
358.5512
123.2281
136.1759
380.7563
716.6234
519.7033
219.2280
111.7622
430.1050
186.9942
606.5297
559.1544
901.0943
306.3098
183.3958
374.7359
444.1934
225.4525
662.6453
712.0755
113.8240
832.7891
36.1266
937.1329
730.3705
642.3306
484.6471
506.4907
228.1989
31.2751
19.3163
591.7242
18.7375
94.3556
269.2818
941.0431
79.5519
523.5340
661.2041
23.6227
207.1563
526.8612
537.5998
506.7236
54.3536
520.4101
299.2977
406.5045
291.0116
733.5357
448.9241
33.8366
83.9555
327.6996
485.4263
301.4181
400.7979
182.4759
693.5818
373.6747
949.6886
140.6110
801.3309
648.2588
219.2191
452.8661
393.4461
452.1643
243.4769
926.4549
812.7646
373.5671
356.3770
157.5812
271.6623
801.3422
381.7966
411.8818
246.3489
177.3003
913.2573
347.2496
921.1812
88.3406
162.9980
20.8551
996.1307
905.0770
877.5753
424.4377
109.0347
247.7237
981.5642
759.3201
433.1026
753.9465
755.7199
431.4533
668.3022
805.7797
270.5074
210.0880
996.5838
540.4831
380.2071
11.0711
409.6766
655.4860
451.7858
798.9776
126.4386
158.1277
435.5470
928.7834
778.9554
968.7533
273.3666
702.0484
891.5367
971.0841
882.7841
307.8840
130.9948
381.6793
173.2575
696.6408
427.8176
936.3847
206.6940
541.5763
103.4233
147.0729
151.6095
209.3692
931.8501
371.3697
681.9275
218.4030
415.8374
518.3733
549.1446
244.5818
951.8530
589.5514
51.2085
783.0823
651.2606
2.7429
646.7936
501.6720
944.7257
988.0571
753.6284
79.5979
391.9983
385.1523
878.9646
209.2963
539.5971
292.7855
423.7831
849.5871
237.9357
890.6394
914.8206
932.8771
372.2194
986.1078
277.4297
165.1704
58.1795
989.6662
931.9797
219.9575
102.6156
77.8957
118.2264
969.1177
576.9747
7.7945
204.1559
25.0921
990.8433
265.4347
862.4113
678.6176
780.3193
111.2697
410.8555
803.2835
911.5932
21.2337
545.2830
72.2089
326.6826
959.8337
387.0744
643.5801
991.4025
516.9604
368.1185
919.5055
842.5945
407.9282
632.2329
314.3128
770.9510
284.4860
879.8146
402.1891
492.9572
225.2363
817.0629
662.5460
880.4248
334.6544
529.7726
692.9903
164.3562
477.6306
331.1597
752.4658
352.3925
203.7766
417.4428
349.4368
37.4145
725.6826
925.9577
58.6424
976.6579
7.1342
704.1914
525.4618
256.0381
621.5101
239.5198
178.4285
45.2992
332.8447
776.0006
812.7467
449.7206
466.5016
318.0921
688.0234
904.0147
489.6841
425.5138
935.2383
548.5170
654.7502
890.5174
655.7785
461.6050
440.7168
546.5526
370.6267
198.1835
944.1602
653.5317
251.6496
567.0592
854.8481
513.0471
9.6910
869.2526
293.4386
597.8842
961.6655
101.7544
460.8550
129.0241
171.3501
29.2477
569.9342
89.4507
428.1570
398.9637
47.6881
787.2853
691.8217
293.8391
481.1740
593.5518
56.6769
133.0656
554.3553
549.4569
144.5053
571.3067
950.5128
51.4385
144.1949
110.5901
926.0075
479.4635
870.6837
542.0144
913.5140
688.5585
270.2781
22.7296
488.1958
349.4175
236.6783
564.5690
708.4322
887.6584
696.2242
894.6039
793.9261
491.3501
695.0275
7.5177
322.8395
816.3978
437.0214
443.6218
386.0938
871.1433
656.4419
525.3539
164.5032
677.4589
436.6322
532.1372
189.6300
148.0421
404.5929
178.7817
678.0473
604.6950
581.8801
460.3907
613.6668
652.3442
691.5275
352.9726
592.8542
105.8842
870.1593
334.3701
301.7037
457.2647
554.3358
754.7867
729.9466
412.3912
77.4755
125.8035
314.1700
678.3396
223.9543
399.9099
683.8303
855.4313
76.3897
499.5509
625.8760
936.6682
339.0487
119.2805
582.3148
395.3042
750.8714
167.8131
202.5422
833.0685
99.5485
395.7710
827.9552
566.0679
167.3229
603.4305
221.8265
377.1637
83.4513
172.9658
967.9250
107.1959
814.0422
347.9939
995.7257
903.3875
495.5687
493.4046
170.0723
944.2079
878.9080
687.4811
350.6897
94.0088
946.4505
997.8864
83.5713
914.9998
158.3621
77.3320
693.4060
261.6147
639.6917
48.7946
475.4938
120.7380
698.3492
662.3194
441.1795
205.9891
615.2886
907.1402
827.2554
797.0155
25.8311
280.6544
942.4902
299.4210
310.6156
57.8104
22.5340
208.2289
380.3661
314.5356
669.1391
11.4052
57.5458
482.2696
565.4152
608.3446
298.4855
160.6455
829.0727
59.5638
499.1208
214.5648
719.9656
160.2225
878.6752
343.9150
725.8119
966.0293
465.1506
787.3446
327.4100
627.2774
508.7315
365.1806
545.0223
89.9070
263.3494
66.5334
112.1504
0.0934
642.3784
922.1030
699.0830
362.0717
95.6716
146.5583
266.3246
488.1360
43.0528
310.9463
808.0083
875.5954
842.4546
99.8009
355.3691
768.2460
827.5640
372.6804
83.9414
470.5428
363.4951
590.5494
347.3824
498.9336
655.9229
704.5991
308.3173
247.5266
513.4340
18.4693
849.2936
666.6903
389.4946
531.2411
68.8214
471.9619
482.6830
660.9614
311.9223
516.6704
792.9740
222.3915
658.5355
421.9353
784.6141
869.6816
61.8497
576.7784
744.7524
744.5027
572.1136
827.1551
27.9537
747.3644
809.6428
130.6684
228.9037
654.9585
811.9290
372.6363
815.3542
25.1753
716.2925
783.1424
298.4938
703.9565
171.3125
316.0293
534.1516
281.0062
627.8960
980.8679
741.9360
637.4537
846.7064
456.8759
251.8126
847.2053
615.3611
405.7703
615.6033
303.2261
266.9230
838.6981
291.7168
599.6443
645.9399
717.2164
204.1831
975.9524
912.6860
928.0812
806.9582
523.7349
959.5545
902.9265
155.0171
372.3966
336.9331
526.4294
591.0055
406.8328
488.4011
702.6210
203.4254
356.3486
636.4260
481.1451
807.5797
68.0946
517.9166
92.9842
687.5299
501.1619
374.9465
114.1745
598.0987
801.4979
591.0362
270.0424
169.6218
778.1409
950.5087
229.2816
209.6733
11.6456
688.2787
64.1178
202.6478
272.5363
843.1172
356.0966
604.9791
496.6124
453.8832
400.2684
71.1975
246.7743
537.8167
618.6841
548.2792
861.1893
170.0447
534.9530
939.3297
126.2519
911.7414
424.4902
537.8768
965.4173
793.8432
355.0240
289.3160
302.8789
151.7935
903.3648
523.1520
231.5325
456.0509
866.2681
398.9239
663.7496
381.6394
233.7400
88.6980
639.3187
998.8709
243.7231
585.8245
242.7478
134.5033
189.8544
141.9873
66.8393
303.4986
207.6606
609.9433
386.8315
342.4862
176.8549
77.5736
22.4088
41.3992
931.2911
843.5530
906.6542
340.9141
302.5065
521.6458
218.8385
306.7382
522.8204
665.1977
349.8404
222.8480
931.0833
853.1376
829.5591
754.7582
873.4398
958.2066
988.9834
956.6250
462.2636
364.5017
152.4307
292.7846
483.9195
161.2437
620.6397
488.2209
905.6140
782.4421
162.2623
562.7277
237.8574
432.8344
688.9748
679.7178
325.8927
234.4756
85.2706
691.1212
319.3749
612.4730
82.2071
672.5545
979.3031
660.0313
446.6429
381.6013
99.8444
335.0986
261.4977
77.4157
48.1727
123.1318
846.2552
977.6072
883.5810
660.2695
62.7007
56.4465
176.5612
648.9059
900.7749
878.3766
107.2618
624.1809
464.5790
420.0490
163.3716
675.4175
97.1781
890.4436
759.7559
609.3305
84.5790
171.2905
699.8965
302.2760
528.4018
5.8180
560.4648
87.2734
448.8036
773.5429
136.8007
956.7325
75.3526
23.4123
656.0240
146.6767
67.5911
452.1120
582.4649
354.2207
349.0007
393.9364
687.3433
798.8406
69.5041
709.9920
105.0502
476.8501
214.8055
882.1665
659.5394
931.0976
499.7965
317.3358
397.2401
749.4740
90.2334
548.4979
204.9753
847.9496
198.3846
115.2442
803.3593
816.2288
392.1230
453.7836
102.8754
185.4429
546.4763
633.0619
208.0053
797.8221
218.1146
809.1971
304.6512
511.9362
103.5967
438.9267
850.5081
738.5107
439.7442
216.7638
549.7051
910.0386
261.6459
916.9516
129.6161
113.2917
197.0463
913.7150
520.4808
21.2472
102.5648
259.7861
191.6964
494.8483
274.6659
678.0523
408.7849
224.6063
370.9470
26.4763
614.3006
341.4534
827.4494
52.9455
77.1460
424.9849
866.5706
580.5686
975.4548
489.9175
482.4835
401.6498
946.9148
542.3193
180.2146
500.6717
55.7255
897.5996
19.8315
516.7730
970.5392
316.4176
111.4705
574.6862
833.8605
759.2010
369.9576
546.2195
735.4803
384.6930
608.5682
319.4408
910.9818
210.8921
353.8692
498.3052
244.5080
779.3977
967.8017
543.9346
213.2795
882.5305
179.1448
653.9829
95.9220
458.5384
644.8543
127.6908
22.1987
540.0303
5.9289
73.3541
656.7707
842.0142
44.9415
398.9306
209.2524
642.8663
206.3496
512.2768
545.5384
720.9551
546.7686
788.7369
451.9303
350.4344
75.6872
92.0346
826.2352
879.3222
764.6720
215.5894
935.5514
539.2813
378.2970
539.9425
773.2889
842.3093
40.4827
544.9156
460.0170
675.4797
283.5540
376.4025
340.4588
91.9752
765.8453
204.7200
307.8831
996.3850
295.6259
650.6345
558.7425
799.1583
25.0991
4.3399
79.0613
230.5772
886.4332
860.5448
86.5957
758.1369
539.2353
849.4405
33.5776
624.7753
479.2379
901.0514
623.8228
911.0560
954.2896
214.4238
858.7918
506.0499
120.3912
587.6022
803.1137
519.2291
625.7423
127.3785
51.4383
324.6936
436.3315
320.3293
742.1389
295.5204
736.1225
110.6905
117.8477
633.4271
371.7974
132.3205
293.1631
951.5396
828.3668
224.8689
774.1339
866.5041
915.8607
705.3449
483.8584
573.3473
590.6140
764.8321
273.8709
152.5501
894.7138
53.5591
981.4138
736.8365
595.0874
13.7850
284.0335
368.9786
240.8215
820.6330
283.2263
352.3068
856.2029
51.0381
804.3542
379.7802
160.1475
529.7578
264.0524
760.1999
585.3558
589.8041
162.9375
479.3443
522.0835
786.8026
705.7007
490.2822
373.1432
186.1946
885.8228
718.3638
804.0232
664.9470
969.5672
297.3130
463.2940
246.4062
925.2993
447.1606
814.6925
382.8001
204.9250
440.2712
373.6292
444.5916
659.1057
680.2450
781.7524
538.9558
184.0740
732.7352
124.3745
540.8598
885.9275
980.3109
891.8578
149.0357
210.5501
915.7473
145.0985
436.5918
890.1608
852.5246
414.1770
979.3844
225.6497
445.2756
626.0959
421.7606
29.3022
239.6055
14.0761
767.2502
821.5220
943.3648
372.4902
841.1772
193.2624
835.3274
324.2192
494.5020
940.8315
28.6116
715.8584
912.7807
315.1546
962.5014
747.1139
423.7693
780.7896
285.5513
80.7393
990.4474
697.4925
239.7424
242.5563
863.8451
47.6850
398.2102
72.2102
373.8534
74.2804
714.7040
509.1947
650.0963
118.9261
830.2975
554.3965
704.1006
612.4232
36.8830
422.8485
425.1931
978.1959
528.8016
337.9247
297.7507
872.7773
829.3792
894.5001
128.9514
895.9375
667.3659
44.0742
574.9219
7.8061
545.1193
82.8247
197.6755
522.6394
692.5656
165.3173
276.6383
242.9762
915.1940
113.0696
569.7842
494.0681
402.3577
153.6976
81.3469
362.0697
911.1847
796.6011
696.9797
661.0885
839.3800
235.2176
649.8365
587.1850
30.9385
315.3088
96.7106
403.1711
482.4704
241.1544
888.9012
328.2690
414.4296
366.0338
103.0881
334.6928
582.8551
752.7572
86.4218
166.8379
804.5272
90.4514
366.9193
247.7964
206.4432
603.2930
252.1437
494.6711
784.8163
384.7000
172.8920
684.7026
401.1740
314.1162
51.8307
32.3862
111.8339
764.6736
598.0580
600.1402
482.2798
890.7030
684.4980
557.0796
239.9747
486.1838
805.3288
56.3703
656.8157
701.8924
156.7068
151.9674
563.9324
195.3326
869.1655
641.5287
942.2764
385.6281
283.9681
128.7450
606.7397
864.9889
886.9155
960.3763
995.9828
386.0004
596.5825
902.1361
216.9329
974.9778
195.1661
391.7504
733.3839
657.7674
176.5216
334.6315
784.8881
700.1880
847.1427
796.1151
103.1542
619.7142
550.4956
635.6808
575.8011
293.6970
274.3261
157.2594
974.2902
200.1069
923.8836
410.9592
297.5226
729.5651
534.9593
103.5105
181.4017
944.9618
9.3763
952.5731
404.1997
259.1686
983.7617
631.1265
24.0771
843.5626
862.6971
886.2266
121.5843
903.6767
32.5623
904.1553
336.1561
70.2305
831.7878
864.8454
161.6965
148.7576
488.3393
477.3279
839.4527
542.6631
341.7378
656.4613
489.7172
117.1149
715.1795
428.2986
202.2695
468.3529
655.0218
51.6378
817.0063
888.6545
124.8991
568.1742
38.8969
20.9818
946.1740
718.1227
361.5342
945.6993
637.9110
8.9660
877.9050
342.1049
143.7610
992.8928
694.2935
904.6557
493.4527
65.8594
253.9349
461.2530
942.1811
285.9283
139.6299
799.6479
967.9221
589.2163
571.5792
292.0429
367.0192
858.7301
736.5784
448.6855
481.6047
965.0339
450.2787
481.7068
523.2861
174.5737
124.7890
783.3357
813.3940
578.2802
414.0653
281.9268
664.4464
839.2190
8.4456
495.3691
498.9537
704.6474
24.8712
488.8138
206.9572
497.9336
787.1209
857.9917
387.4677
759.1706
720.2373
322.5778
647.4973
254.6922
87.3417
848.4419
651.5361
978.4037
164.0946
437.8608
761.8581
335.0718
313.7167
882.8450
958.5449
232.3534
673.1238
487.0853
798.6151
990.7952
573.3538
965.9570
312.0093
614.7525
739.7147
124.3354
682.2149
161.2176
442.4741
966.0147
392.3036
816.3251
290.1692
734.3320
394.6139
887.4268
402.3931
916.8073
469.1808
657.3360
893.8856
256.7688
925.1072
553.1038
493.8144
558.1106
450.8943
825.7133
322.2392
311.3129
127.3923
605.2932
368.6561
47.8389
59.3795
307.4268
799.1607
599.5781
647.4712
708.8072
772.6206
941.1405
822.1719
343.9932
61.3726
8.6334
398.0065
95.5403
396.6516
584.2496
370.0291
104.3143
982.7705
459.3676
739.3994
600.0862
972.0359
389.0667
573.1261
161.1334
13.4102
234.1487
274.6689
943.5916
741.8784
762.6107
864.7548
658.1706
454.5423
979.2139
679.6537
438.6611
60.5912
402.4990
979.8289
205.3212
116.9561
998.5011
81.9266
559.4742
569.4899
393.5516
639.4342
379.3789
561.3637
396.6550
960.7983
213.4472
645.2622
262.4079
937.4492
489.3268
887.6390
354.0469
380.1441
351.4796
179.1417
787.1007
797.4722
323.9863
269.8045
844.2352
136.7275
68.2079
918.2383
734.6631
103.9927
178.7968
194.6184
690.4301
771.4558
56.2071
102.0129
234.0324
846.6656
547.1838
201.9811
874.8711
406.4577
400.9426
800.0341
675.5496
180.7970
527.4909
50.0047
492.4323
822.4736
885.0881
573.3379
896.2091
126.4787
217.5431
860.7390
781.3827
427.1992
738.7811
410.6700
173.8652
743.9202
706.7390
822.9294
393.9375
775.6828
276.9365
257.4175
385.4122
755.6921
189.9102
750.4707
801.2224
374.3273
55.3969
799.0371
590.8971
405.4955
994.2749
898.5429
418.3513
962.7714
313.1392
402.5383
44.5224
248.2573
518.5860
488.1092
862.5274
673.0147
232.2803
246.6449
654.1831
316.6667
526.7889
202.8746
651.1404
915.9479
352.5131
967.9092
478.7609
512.7515
391.9179
982.1418
826.5525
885.0264
832.6237
772.6455
486.4812
480.8899
407.8209
374.5182
205.7274
375.2634
415.1343
515.3609
993.0896
287.7263
468.0072
612.2543
864.0160
566.3526
662.5573
400.1549
46.2845
479.3032
440.7899
323.0970
426.0709
231.5593
704.8294
945.7858
214.7330
540.2346
786.3403
116.6796
428.0010
685.9397
558.0122
421.7635
379.9694
119.3854
435.4503
56.5382
55.1713
929.0962
236.7540
293.1212
14.4678
905.5814
448.6214
874.2370
649.2334
677.8108
119.4802
137.3367
322.5484
816.8765
302.9965
240.7901
603.6801
852.1264
422.5743
565.7718
192.9282
502.9157
773.6216
406.0394
568.1126
850.8290
534.1105
16.5652
930.2212
661.4509
934.4366
834.3877
447.1182
679.0789
796.9768
802.4483
160.1353
851.2796
432.3083
196.8600
178.0885
571.4871
11.5402
296.4474
20.2006
928.0906
752.7336
961.9200
156.4357
359.8927
557.5315
117.6277
60.8987
431.1096
780.3596
146.3984
654.4633
342.9842
478.1223
860.7477
740.2428
888.2355
464.9764
414.2284
603.1095
22.4886
830.5005
5.5458
975.6343
132.5932
7.5499
221.6952
101.4053
164.7634
835.6196
684.6866
773.8333
919.6403
421.4022
79.5695
252.8523
594.7994
264.6385
813.0703
594.2020
13.4869
639.1256
46.0948
251.6476
44.3414
152.2799
153.4049
179.8586
801.8465
122.1844
764.2298
530.4844
38.9828
413.3762
747.4899
143.2762
808.8116
297.1097
453.9192
7.9009
562.6384
127.2238
326.6270
700.5061
725.5666
894.5127
494.7429
14.9459
42.5365
840.9822
663.9109
894.9413
614.8868
669.0971
738.8477
144.5688
953.4205
604.6703
779.0269
492.0071
689.9279
940.8271
413.6842
778.9756
733.8268
740.6254
883.5949
598.1513
845.8877
49.2984
442.9287
526.1827
440.0074
220.3668
983.2188
295.7238
76.1067
759.4872
474.1269
988.7156
897.0273
960.8793
229.2321
966.9809
937.6994
42.8094
981.9012
92.0343
552.0014
27.8008
268.3829
541.1128
483.2571
94.2937
960.9606
10.3159
184.2340
810.3467
889.5997
760.4120
247.5685
805.3528
337.8114
718.0733
844.6762
131.4139
234.4074
990.1891
275.6311
665.8338
445.9749
864.3542
494.9717
694.8234
300.3139
478.4036
15.9891
918.5886
291.5251
117.5163
723.2847
203.1343
70.3094
940.0461
87.8788
833.5173
112.6178
469.4006
160.3021
409.9017
683.0513
967.1400
5.9084
978.0687
994.3174
333.7172
242.6582
464.7155
270.7066
833.2750
619.4956
833.7754
65.4974
680.4400
826.8566
567.1589
79.1745
6.7474
662.3096
329.1117
5.3323
761.5638
529.7874
201.8336
318.6275
765.9544
192.6449
212.2417
919.7424
296.7526
470.6411
233.1850
881.9807
191.9581
876.4868
219.6734
25.4703
239.2248
507.7864
325.7131
63.0488
467.5923
995.9028
324.5243
235.2273
116.6435
315.7804
547.5412
658.1044
554.2301
130.8947
801.6469
713.6608
152.7518
9.7573
303.4509
342.7783
214.9876
913.8167
771.6345
507.3297
422.3067
400.7075
377.0444
448.4377
370.7234
108.1883
327.7338
680.3313
755.8637
762.6523
385.3478
166.5728
312.5537
392.9455
588.1781
407.0915
75.4088
178.1462
833.1948
52.3953
441.7631
788.2330
981.4933
603.7513
791.1860
232.9211
534.4220
468.1230
436.4638
840.6941
634.6047
505.8758
561.0006
971.2740
982.7552
571.6823
647.2705
775.9095
401.0332
328.4562
319.7865
110.0141
29.1101
429.3805
417.1967
975.6064
966.2415
299.8793
614.9423
905.6756
924.1241
145.5310
211.0406
235.1649
736.6850
101.8949
645.7676
577.3410
518.0846
501.4704
547.9183
751.0574
404.0754
354.9242
108.7612
935.6397
876.4696
504.6837
103.9018
812.2642
525.1215
614.5329
923.7460
303.6708
736.8896
844.7912
287.2885
247.6322
123.3714
162.1925
984.4603
178.9622
562.0054
894.1446
568.0144
623.3793
993.6132
928.0893
989.7163
511.9760
677.1201
432.9730
504.4360
900.7194
310.3934
406.5012
636.6566
832.9796
180.1321
210.7516
743.8510
226.3004
376.2003
868.9976
220.2298
20.3805
521.5560
387.0606
178.1141
797.5169
639.4299
798.1795
349.9435
946.3241
313.3077
665.6193
685.5858
761.7849
700.6187
1.9272
487.8458
898.2216
385.9356
768.1752
386.8952
983.4225
590.4482
682.6225
739.3197
851.7640
560.8831
277.4779
43.3913
605.6719
918.7931
304.2113
872.1505
782.8064
503.8355
270.2451
575.5190
453.6077
643.7819
835.3139
435.5359
469.8580
75.4041
344.0591
32.5249
51.4719
291.9601
985.7294
176.5499
751.6741
294.7277
584.3012
413.4297
933.8656
885.6249
946.2210
148.1207
514.0642
719.3450
212.9066
199.2195
360.2496
440.7561
329.4705
831.3443
995.8107
508.9414
120.5468
776.8528
420.0852
102.4150
689.3932
675.7846
919.4567
306.4761
819.8247
78.7948
174.8276
42.8948
965.3048
154.9884
394.5270
559.7735
452.8125
807.9568
904.9778
971.8779
732.4467
660.6178
974.6557
886.6694
359.6643
122.8852
107.2063
872.2590
218.8185
431.3136
698.7330
220.2627
920.1359
442.6715
730.1156
29.5040
211.5919
308.9211
776.8766
676.4154
748.3708
258.2023
788.8951
108.5945
193.5311
296.5658
839.3236
423.5453
315.0479
920.8049
980.4072
810.3310
587.8369
430.3600
622.0080
461.5132
4.6946
764.2907
979.1320
747.3647
379.0925
394.3369
765.5677
236.2968
109.7857
284.6220
280.6490
355.3816
259.2841
532.0808
177.8688
914.6160
952.7289
728.4869
988.6048
770.3913
536.1883
479.3319
137.0965
322.4905
742.0397
240.4541
680.1568
176.2217
286.3198
601.6531
570.2975
313.1410
536.7091
798.4308
877.6105
12.7972
743.6695
701.9913
809.7188
681.8638
263.7130
940.9276
278.6279
609.9333
631.9660
908.4466
322.4447
333.8318
777.0683
624.9106
769.3307
783.4842
612.1151
854.1841
821.6110
936.1047
623.5129
949.4656
641.5004
611.6475
645.7193
81.6338
16.4218
318.5238
394.7875
20.7730
355.0305
174.0335
709.1884
594.0164
479.4375
309.4411
670.3534
883.2400
595.0723
436.2857
508.3139
19.5772
220.1294
378.6516
563.8955
30.6482
829.7313
269.5262
764.3663
169.0605
85.8798
725.1147
426.8347
662.2821
87.4778
425.4782
463.7380
707.1608
840.3626
642.8824
382.5537
621.1892
575.0261
550.6681
145.8521
314.1985
676.6659
507.0025
742.0813
641.2385
332.9077
398.8064
979.6597
186.9606
831.1674
85.1277
188.8918
105.8616
119.5178
396.7950
295.1076
50.6845
705.6186
920.2087
137.0643
98.5607
276.6887
41.3251
295.4773
546.3809
529.1350
550.1307
799.6241
131.1410
781.5805
818.9787
269.8053
789.9304
182.5299
852.4067
464.5046
254.3445
850.0708
934.5155
249.5142
871.4730
413.1876
333.3463
202.3787
603.0041
714.7084
302.2113
657.3360
393.6901
206.6650
423.9467
765.6695
512.8176
85.1297
868.0736
771.9970
540.7971
889.3838
411.7035
34.3857
176.3240
584.8334
623.1879
431.4750
104.4416
530.6972
623.6211
140.7299
381.3576
861.3355
989.1056
158.5143
973.5958
450.4084
386.5355
335.6168
394.9686
172.6000
730.5454
86.9101
894.4476
854.4057
321.7613
158.9382
473.5985
811.1621
826.9558
696.1686
168.7320
194.1380
795.1169
798.6015
294.2730
154.5535
584.2837
329.5635
758.0037
609.7239
350.3011
227.4227
363.4577
57.9269
835.5365
555.3951
933.6201
108.2481
427.1010
251.3342
877.8077
187.9731
350.6868
583.2523
811.7241
443.6498
156.1801
45.5139
123.4037
283.0422
604.7688
380.5735
562.3797
860.2689
634.6356
309.2111
852.4864
826.4867
205.9000
3.9985
512.9741
336.2280
204.9256
496.5337
450.5841
414.8099
820.9670
755.4853
397.4367
558.5971
554.8775
676.0110
171.5784
85.7047
227.7366
856.3531
974.0853
947.9585
213.6330
259.6583
292.9535
191.8465
772.2779
565.7772
442.9340
64.9943
924.6405
877.4913
250.7894
376.2658
687.3339
536.4094
744.2489
984.1841
945.1175
555.5297
89.8865
178.6338
206.0264
693.0848
724.8924
569.8961
449.2024
381.6770
652.5309
205.9219
111.3953
350.9902
743.6106
402.1897
205.4058
818.2586
32.9210
239.0029
241.7296
522.1323
493.9087
698.7302
847.2775
958.7723
551.0566
807.8855
496.9472
927.9363
186.0463
987.4560
747.9351
503.4963
796.9267
913.3654
904.5743
163.2308
314.9287
66.0947
328.0185
591.4522
79.4383
77.3200
778.1310
559.9594
43.3978
173.6168
723.8057
825.4304
344.7466
23.5282
897.6321
44.1472
369.3006
912.9139
189.7372
584.2910
631.0907
378.9924
920.8827
593.6429
270.2387
331.3998
459.4328
736.0542
778.8766
431.1452
737.1361
326.6357
385.2619
442.5793
442.4784
56.3307
594.9844
991.7624
280.2773
339.0950
800.9828
601.3234
827.5959
635.7944
884.8566
243.6283
716.7871
182.2946
332.3322
15.1496
486.9816
810.4643
631.4312
465.5306
589.5901
628.8053
730.7568
505.2575
943.2591
801.7207
996.6959
145.4955
939.3111
40.6055
645.4052
830.8904
734.2927
597.1731
985.1092
620.5088
390.7014
968.7936
537.8332
699.8204
707.7877
367.2922
148.8936
676.7945
813.4437
109.1875
543.7096
998.4235
692.7860
691.0126
653.5941
108.4151
379.9631
833.4970
761.1269
27.6102
669.7787
389.6051
17.6626
272.7885
313.1582
489.3827
74.9226
322.6411
238.3431
705.6808
263.7471
290.0604
819.1616
880.7921
642.5502
781.6865
40.3565
915.1487
192.7632
753.7948
760.2354
545.7140
919.4245
307.2602
374.5401
268.9378
770.8213
463.8742
629.5965
371.3598
394.7176
704.0283
208.0450
642.3809
525.4590
958.6104
204.1418
70.1560
256.2532
391.3984
928.8428
502.0950
916.8295
278.6238
635.5268
866.7548
593.7010
281.8357
477.9335
63.1645
765.6770
925.2463
670.9870
799.2808
612.9927
639.9136
568.3369
659.2700
579.1010
797.8423
675.9897
764.6302
972.3709
163.1321
141.3158
840.7898
781.4621
526.9269
338.9447
757.2396
934.7438
531.3184
642.7131
123.2749
742.6889
965.7471
129.6691
809.3416
246.6951
558.9242
823.9233
979.7568
107.0213
434.7225
952.3867
471.8134
393.2506
338.1656
53.0565
568.4427
736.7698
513.0981
851.5679
976.3774
847.2853
281.0174
115.4602
524.8633
707.2869
510.2506
176.8234
839.6737
674.6751
736.1883
889.5946
274.2444
186.1676
101.0330
249.5680
22.2372
40.2707
658.8395
520.8145
954.0236
566.8685
970.1790
599.8039
824.0017
642.7523
141.9074
694.2428
722.2032
95.4097
797.8149
388.9417
88.3245
677.7943
285.8445
296.4172
574.3776
659.0768
143.1952
716.6010
934.8509
474.9509
498.2543
467.7402
437.7984
571.0288
402.3914
609.7110
906.0966
498.9379
661.3514
897.6232
489.1451
902.5991
694.9830
153.8096
358.2699
10.6853
699.3998
216.2800
913.7188
170.3048
201.1364
399.5370
865.3369
353.7755
910.0559
443.6298
337.1687
172.3590
365.1043
763.4161
665.6949
384.0123
239.4853
834.5000
193.1803
7.0146
56.3088
216.1009
270.2587
541.9916
202.8529
176.5894
558.6704
816.7072
65.7785
811.7327
861.4678
510.7418
868.8516
62.0961
822.2306
185.6065
725.6040
244.8448
534.3383
277.1823
58.0338
507.4743
993.8991
938.1558
394.1641
187.1115
982.9050
801.5601
234.7360
398.2992
415.6299
419.4748
862.0873
597.1354
986.9376
209.2369
318.2384
40.4306
425.6881
239.3600
151.7353
18.6423
167.6429
581.4231
578.3037
904.0879
308.9309
102.3598
300.3303
698.5081
551.8079
813.9502
698.5544
468.2856
470.0497
859.7715
883.4065
869.3064
600.7519
719.9238
571.7691
621.7559
301.2441
292.7379
426.5686
515.5329
568.2991
776.7803
684.5573
979.5112
277.2811
982.3717
629.5280
943.7789
250.2631
24.0161
695.8369
190.7519
840.2709
2.0273
141.3856
267.9399
912.4618
245.2395
470.1636
586.4183
71.5396
230.7839
422.9095
157.7826
35.4334
660.5677
949.2264
343.7209
451.9487
517.6814
157.4462
507.6754
793.6891
846.8995
303.9773
744.6916
205.1974
505.2158
628.9370
672.9861
716.1830
966.3283
448.5712
232.7144
81.4923
45.1087
910.8133
381.2440
760.1703
98.0924
960.5120
533.2637
726.8886
50.6534
253.1232
655.3061
60.6560
335.0614
945.3130
676.6936
130.3357
505.7904
974.1481
651.5161
241.7904
699.3903
165.1014
376.4596
249.8695
992.5779
948.6611
855.7545
125.4447
60.9662
47.9188
9.1520
276.5881
71.0613
317.9695
142.3061
510.0100
278.1037
624.5089
726.2348
446.9507
503.8161
336.1440
383.4897
758.4308
703.8822
688.0962
56.5558
666.9213
859.2894
893.0183
394.1320
681.2913
170.5891
575.6746
71.0196
281.6843
238.3502
107.1992
613.7290
830.3019
556.9454
250.8876
756.9403
803.2206
225.2804
289.9940
333.4687
620.8229
395.8952
67.9820
32.6234
561.2484
138.0899
549.8307
570.8959
701.8509
230.9226
269.3600
544.6853
213.1643
327.4410
177.9767
798.0246
325.7669
658.4007
420.8326
148.1228
697.3025
578.0798
638.9382
536.1809
547.0404
803.7582
730.3384
870.1625
987.3257
586.3954
257.1617
592.8075
101.6883
71.8513
84.8998
533.4138
395.7190
0.0048
997.2766
661.1886
515.2115
766.5921
599.7690
146.7650
950.0912
114.3121
373.4959
517.2919
993.4566
939.3900
275.8416
799.8994
701.6043
2.4675
805.2456
328.2164
625.7222
267.7606
83.7346
801.7770
81.2827
134.3959
268.5869
955.5516
570.3651
887.5611
333.4902
177.0825
552.5383
122.9099
613.7587
183.6717
622.1346
567.7418
719.2465
61.0014
303.2175
2.6936
616.8817
748.2383
823.2028
873.5267
159.9529
530.7867
789.6620
336.3204
443.3646
490.4930
914.9437
300.5081
255.6643
970.2274
808.5540
81.4591
446.2108
659.6245
856.4220
920.1969
895.6890
312.1879
1.4288
8.6442
751.7001
169.5462
147.6567
812.3636
774.1601
425.5343
989.4343
399.7722
586.9145
454.3153
565.1536
614.0931
303.0566
730.4416
448.9199
699.9552
623.6692
440.7953
206.3615
573.4857
997.1416
770.6415
827.5365
160.1271
657.6505
282.8711
788.2511
151.5175
574.8091
438.6608
423.4143
502.8761
375.2814
9.7277
674.9008
350.2086
176.1156
826.5508
264.3265
63.4399
427.6025
807.2871
304.3971
892.2061
365.0536
639.9027
601.7124
621.8210
454.3415
473.6411
28.8939
70.9742
545.3705
529.2992
645.3678
619.4908
191.9467
746.6440
830.3202
286.4126
198.9272
914.6699
997.0372
617.2194
383.0298
621.8850
40.0579
299.8402
870.5548
139.3001
92.3629
354.8975
815.8370
348.9517
595.5217
824.9074
220.9175
384.6608
6.0785
179.9519
158.0047
670.0992
63.0145
44.5622
209.1068
712.4003
600.4958
862.9077
88.7063
969.5884
24.3039
855.6374
311.7473
545.1441
679.7361
59.3611
396.9981
99.8999
899.7703
814.7852
979.6671
924.1502
63.1742
219.4141
776.7129
430.6342
893.5573
579.0926
688.2348
539.3684
108.9423
344.0730
163.6220
492.9313
646.7226
834.3001
833.8526
547.6130
670.7384
703.3085
183.8712
411.9769
447.7301
263.2346
945.2678
399.1194
58.8741
269.5021
120.8115
573.7729
93.2267
590.0886
736.4555
583.7183
807.7672
42.3549
100.0269
388.8574
419.4156
590.6866
420.6610
424.5890
699.3446
655.2356
161.8126
878.6564
960.4618
179.7275
873.9859
938.2339
186.3274
922.3030
432.9647
40.4127
612.4160
563.0211
100.6767
820.7657
616.7984
576.7258
314.3400
922.1627
955.2578
230.3624
848.4102
920.9386
259.8370
384.5570
390.2388
83.3257
218.0713
852.8979
909.7682
642.8251
265.4461
280.2088
736.9788
784.1624
846.6694
719.8207
55.8272
671.4949
286.5569
887.3650
967.2469
795.9507
659.8800
834.1147
459.4422
237.9574
426.6619
645.4437
927.0137
569.8668
40.2349
609.3590
701.0475
405.2472
516.0099
378.0440
804.7050
420.3444
830.5738
703.1550
952.7109
459.0462
753.0855
885.6355
907.8259
101.6406
167.6318
878.3306
522.4288
262.7609
292.3865
893.4588
170.3657
314.5674
412.7112
645.8309
432.2269
453.3333
238.5398
864.8928
929.5213
396.2686
767.8986
956.4839
747.7437
393.4270
737.6466
149.9475
261.2948
742.8687
154.4110
729.9844
75.9968
606.6994
203.3218
345.4878
296.6631
107.2306
493.0632
632.1116
467.9432
610.0390
38.1612
176.5880
781.8629
921.5536
187.2076
481.7625
547.3733
290.7943
865.0403
488.3338
885.0643
673.6056
63.0355
990.9176
708.4006
290.1986
20.5535
166.4312
715.3170
728.6145
609.5938
424.6809
798.8995
772.7670
222.7215
359.6350
998.8613
273.7470
588.9946
966.7842
992.1260
147.0700
522.8124
24.5980
363.9486
465.2162
545.8247
696.2041
406.8405
758.0866
346.6153
716.2114
847.8927
972.1553
877.0118
287.2385
750.3737
854.3413
27.1181
4.6332
905.0619
418.3017
295.4469
337.8493
767.2396
316.6222
201.5535
420.7695
797.1196
540.5525
620.7008
293.1026
481.7061
147.4361
59.5717
755.7141
459.3148
458.3262
967.3046
73.3944
388.0844
891.6057
360.1201
680.0615
909.0668
600.6557
392.2807
575.4570
293.5423
125.0797
339.9043
787.4341
477.6185
39.3608
573.6694
418.7172
615.4445
409.0453
311.4304
715.2466
432.8646
951.7364
332.8607
4.5437
695.0134
346.3744
30.5822
857.9643
788.6597
928.4922
997.4393
484.4077
838.6353
574.1968
534.0746
600.7339
209.6116
915.4119
90.1942
41.5475
719.6302
184.0941
640.3763
608.8606
564.7058
642.9614
126.9847
76.2917
773.0813
740.4012
587.4300
796.9156
88.2755
947.0564
578.9120
874.4558
593.8155
589.2140
405.5086
810.8201
575.6555
656.4096
535.2193
913.0690
440.6069
69.5504
244.3486
59.5312
441.2939
435.3271
112.0671
42.1358
508.7452
483.3665
391.2407
684.9627
176.0918
665.8671
57.7062
995.8090
60.4348
415.9792
165.9671
985.1909
211.7187
716.2380
826.6618
901.2246
108.7934
838.1052
613.3243
418.4047
757.7053
982.7378
758.9271
157.5551
414.3874
794.1247
376.8122
246.9975
48.8212
481.3366
514.5788
206.0002
907.3224
36.6234
997.9174
806.6315
857.9339
35.0807
425.4710
31.5508
588.5226
133.4727
936.2162
143.9937
645.4150
210.6287
8.0194
136.3845
180.7803
54.1385
224.2176
353.4596
292.8472
585.9750
897.9290
895.1135
709.4386
259.3689
662.2867
496.5004
680.2781
666.6593
388.2253
581.8128
161.1115
446.7694
546.0765
64.9875
401.0950
47.7054
129.1064
375.7772
331.9727
673.9780
826.5519
809.0861
810.6983
870.8775
238.0577
158.8916
902.2356
915.5729
888.6198
554.2073
369.6041
212.4346
711.6997
8.9650
27.9492
724.4665
947.0637
474.5569
758.9363
101.6531
83.9457
992.8133
444.8504
715.4693
50.8449
799.8577
174.7467
287.5467
713.4016
599.8265
128.6192
523.1401
71.9783
647.4581
373.4967
491.8959
943.3456
567.3009
519.9876
279.2384
105.0967
521.3779
776.7090
29.3426
852.7071
282.8087
685.7463
826.6624
975.8472
880.7498
882.6969
266.3420
631.8147
855.2200
212.4512
610.1404
210.4927
379.7193
145.7245
175.4326
173.3740
802.9054
844.1682
735.3575
761.3725
142.6217
854.7714
803.1232
61.7619
491.0715
135.1739
221.6786
796.9691
170.0239
591.6739
995.3560
58.5807
24.5527
46.6431
50.8103
391.3531
547.2264
404.8980
120.1155
126.1583
998.1860
386.7167
524.7187
126.2414
917.7000
4.0544
144.0491
762.9000
936.6643
459.9641
282.5120
975.0776
292.7326
22.8212
182.4811
837.2979
853.9560
803.8011
105.9201
14.2083
995.0852
750.8066
695.0662
877.5897
855.0868
681.0223
537.6347
657.4233
283.8570
209.3898
752.3662
697.7171
749.4931
491.2009
416.2114
292.9572
233.1710
182.5604
898.5779
345.2894
978.1754
520.6622
365.1021
755.5614
651.9575
381.9896
347.4194
348.2615
767.1011
82.3035
47.5937
533.1645
398.9083
17.6539
311.2851
121.0601
48.7814
312.8043
742.8466
452.6878
28.6388
33.4078
740.6039
510.8355
354.6825
308.1576
235.3430
314.3046
266.6096
881.6376
72.9385
913.1278
183.2714
583.5368
931.1724
558.8110
380.3772
692.3362
271.8726
316.1220
792.6606
642.1423
83.8639
248.7848
903.9242
172.1149
475.7286
209.6342
174.3585
389.9850
777.8288
974.2073
150.1111
664.8853
410.9773
426.1717
204.9818
864.9937
951.0602
427.6070
715.0000
430.3540
886.8632
227.6371
315.4277
612.5367
241.9598
275.9234
884.6036
37.3872
126.6970
808.7259
437.4608
927.0554
830.2853
608.1892
123.9245
774.6193
314.8597
968.8013
505.5258
178.8098
362.3529
50.7658
812.5561
984.4367
927.3825
171.7413
33.2260
740.3740
185.0968
345.7514
154.6564
248.8701
61.1450
326.8940
848.6659
685.1637
431.2246
995.2435
219.6638
396.8372
55.7796
334.2462
898.3546
839.6343
681.1398
584.9349
871.2736
5.3661
208.8352
327.9553
883.1618
44.4419
263.6682
798.0569
589.1789
966.0800
844.8097
309.3661
48.3475
721.5080
213.8060
984.4120
511.9020
0.3690
98.8208
417.7174
423.2270
337.0591
130.8117
16.5338
645.3625
135.3072
942.6472
657.4689
134.1000
838.0369
482.1470
822.9800
989.3575
811.7875
684.5164
894.3000
450.7411
688.1422
509.6770
624.5961
15.2702
117.6795
376.8591
950.5495
851.6765
360.7696
783.1868
301.6477
838.8257
686.5841
963.2484
104.0201
604.6723
603.0108
268.8586
579.5202
959.6037
947.1705
38.5404
563.1096
813.7370
768.5591
639.8986
50.0557
153.7293
882.6079
12.7204
116.3888
978.4419
688.5120
698.1520
984.5291
184.7978
725.8633
43.9760
67.6579
208.9849
604.6070
699.0176
501.0529
85.1170
53.2931
826.4273
112.0345
63.9992
533.1379
333.6334
471.7114
513.8350
171.4631
914.5526
198.5436
547.9342
169.9431
577.1104
424.9327
954.1182
269.6906
753.3177
247.9572
486.5926
311.5487
472.5537
287.3220
458.7741
90.1488
626.8257
769.5987
792.6194
580.2655
456.4861
162.7416
704.5079
465.2950
897.3677
726.0247
20.3188
425.5051
210.0880
489.0392
755.3054
68.8651
878.5373
585.6099
723.7709
787.7162
734.3803
235.5592
9.6449
44.7639
537.9898
478.9535
475.6858
979.5390
624.4802
997.2917
871.9725
158.4365
933.1484
986.2960
918.4834
135.4838
580.6196
360.2691
221.0182
755.9561
204.1333
660.2350
168.2499
890.0539
960.1903
931.3458
936.1598
926.2601
812.8358
440.2643
602.4700
431.5617
841.1098
308.4074
1.6486
696.8542
831.4012
278.5865
779.2912
670.1470
379.7566
590.1378
584.9136
51.4016
811.0196
124.2621
898.7144
501.5193
26.9578
897.5397
969.1388
293.8710
947.0591
881.6425
448.6063
225.4118
33.2475
699.3583
109.3367
848.6404
491.6986
410.6314
531.7900
643.6694
890.1181
777.6418
93.8183
789.7760
303.1485
878.8118
561.2805
742.8143
19.7052
299.2677
472.5606
696.7067
63.0416
912.3069
414.0361
577.8753
174.1213
952.5552
627.2587
154.4199
395.2749
673.1491
539.1575
829.8945
199.4094
373.3126
300.9428
621.0152
517.2876
799.0849
64.7983
817.7511
787.6408
392.0595
992.5197
819.2991
711.3284
206.0202
550.3687
97.3609
253.6033
268.2174
191.7093
726.7849
757.2591
258.6193
220.1115
971.4923
648.6048
28.2714
422.9155
744.5790
431.4667
204.7748
616.5585
221.5083
476.6875
660.3713
137.5651
257.6141
726.0442
916.0258
971.0952
843.0139
733.0213
916.7340
976.1056
753.2730
382.3862
784.9777
255.5513
214.3226
960.7754
2.3924
590.1581
349.9141
959.3469
352.8649
10.9469
500.4364
932.3380
494.2957
29.9721
268.9730
676.8488
462.9659
359.5945
660.2677
791.0530
71.6633
36.6343
102.8045
333.3353
628.9578
348.0163
35.3917
435.1881
754.6738
244.9879
283.1928
683.2510
270.4081
487.8281
824.9697
911.8139
801.0979
777.0287
348.9792
186.5516
891.8585
839.5151
624.7039
65.6716
773.6711
525.7582
244.5059
18.5726
516.4667
825.9243
636.1843
853.8367
826.8390
403.7279
292.0770
457.3181
521.6819
585.8479
2.4879
127.9465
720.2088
451.2785
601.4189
809.8064
671.4684
530.3153
974.3667
658.7866
275.3146
676.2435
628.6986
344.7684
709.0486
328.5615
161.1716
239.2002
784.0417
618.9298
438.2095
94.8323
225.3950
856.7989
453.0142
999.2470
404.3240
881.8269
344.4126
652.9588
482.2773
910.1649
129.1235
452.0116
171.5500
869.6812
971.2264
73.2865
4.7677
919.7667
477.6999
982.5133
38.0050
655.0252
147.7759
962.3053
105.6819
85.1968
921.6204
130.7613
512.5413
685.5306
279.8277
165.6148
779.2060
314.3543
480.4655
590.8406
856.0027
559.8521
814.6974
575.2159
519.9933
49.3736
909.1775
583.3572
115.7049
510.0613
821.7566
596.2594
424.0298
140.2387
387.7676
186.0929
732.0965
28.2566
748.7064
521.1984
684.3366
420.3013
782.4101
317.4607
81.9002
924.0892
194.6021
577.1447
194.5483
724.4053
422.6188
92.3315
338.0389
682.8843
481.4960
171.8412
254.6500
32.6672
975.1379
401.9845
741.7783
151.2715
433.8003
835.6599
45.0995
170.8781
955.7035
225.1616
370.7396
89.2521
573.1620
578.5049
448.9327
471.8149
697.3855
720.7808
337.8922
672.6451
115.7192
184.7271
23.8415
354.0852
14.4456
815.3101
845.0211
108.2236
868.4539
83.8177
754.3068
96.2049
336.9340
699.5233
731.8556
487.2036
455.6463
741.5761
254.5383
924.0539
398.6272
522.8775
950.2416
924.8790
209.5863
976.4323
201.3190
871.9553
95.9535
659.2922
578.4558
391.6038
759.0618
488.3773
904.1993
177.6616
389.3957
724.2136
213.4844
726.7292
172.4636
925.7762
114.1459
74.3601
142.7498
595.0223
683.8064
471.5130
443.5267
670.6019
157.6571
105.4586
626.1494
929.9270
166.9884
477.2069
276.9551
256.3373
713.6985
535.6248
433.6637
50.5840
200.0967
152.6877
798.7563
704.2454
470.5348
639.8555
385.5523
718.7024
270.0119
41.4063
26.7642
960.0003
590.8445
517.8303
56.9692
394.1918
822.7182
660.4170
40.8349
456.4221
811.2044
177.6851
186.6818
573.5248
702.3557
19.1278
391.0117
937.4069
298.7340
508.4639
122.1636
269.4688
548.9895
527.5949
883.3530
36.5602
63.3637
630.5001
738.4954
213.6080
141.2133
680.7778
671.5403
48.6425
578.5381
789.6828
400.4381
108.1825
373.6301
581.8931
227.0059
87.1783
961.6916
872.3590
683.4516
541.1454
862.0474
110.3530
683.1421
139.4165
932.0297
456.6232
342.6915
846.4032
199.9190
959.1488
563.8250
86.1923
594.2921
483.5736
615.9399
427.7819
316.8817
487.0720
699.3805
49.0214
279.0510
333.2584
982.6422
486.9307
149.0738
643.0190
943.0958
397.9908
406.4394
873.1541
88.8044
617.8089
751.4469
728.6333
74.3227
352.4986
766.9093
737.7498
762.4530
691.3166
330.2310
192.1407
964.6998
677.6960
302.2272
241.9062
877.2791
836.4054
38.6004
475.7502
999.5296
293.7062
48.6777
768.7345
684.7722
364.3706
436.3560
158.2650
994.1966
374.7598
616.2131
473.0207
5.5760
89.0500
924.9488
317.2599
937.9365
27.2651
324.4154
159.3109
802.9606
303.2087
498.9121
105.9888
536.7155
910.3227
557.6890
158.2620
902.2088
412.4295
860.2891
781.8389
283.0480
116.2082
706.2667
205.1918
511.1129
70.9647
577.8466
65.2674
698.3505
417.3035
885.3097
926.9233
251.2747
651.6213
442.2332
715.6434
702.1991
107.3785
973.6254
261.6445
911.8665
384.3139
202.3373
132.9381
582.1197
813.3751
995.3240
256.7575
390.4537
419.0640
927.3468
405.2456
333.0110
290.7244
684.4808
159.5006
364.0090
85.4240
576.6070
138.9458
741.0545
892.6422
773.5908
112.1871
191.1047
760.8619
617.5946
321.5380
229.6642
665.3166
226.1684
105.9519
195.2073
280.4752
155.0974
796.9724
211.8471
836.2021
924.3562
385.8324
257.4619
29.8270
940.7673
724.3126
811.1884
329.7417
716.4416
275.2438
191.1840
419.7036
575.4155
612.6942
897.6179
853.2097
777.9042
432.9758
856.0551
446.5543
524.4989
190.3935
427.6786
709.9296
742.8063
986.0451
455.9207
484.3069
539.1113
57.7667
158.9967
584.4863
814.1771
800.6774
590.5784
170.3263
112.9178
365.4097
230.8001
132.6073
672.7087
873.6826
371.2343
984.9219
214.5893
15.5662
566.7323
930.4851
626.0489
96.2772
505.1099
244.9918
423.1069
36.1817
204.2084
675.1399
266.9808
720.8461
849.6926
322.1882
288.3661
173.0680
400.7769
4.9454
4.9621
688.7504
117.9500
783.5512
191.9133
106.7453
774.2741
268.4322
29.3870
496.0194
369.0240
502.2801
870.3814
336.6633
34.7414
764.2414
763.4111
297.1135
839.3968
265.3231
129.2087
32.2842
496.7980
871.8479
688.8502
48.6443
313.8983
337.9691
748.3085
465.3584
836.3891
296.3170
549.2355
652.9193
856.2302
343.7494
531.1339
5.3200
117.3309
93.0798
579.5585
405.3207
116.4247
181.3734
127.5313
317.2304
702.7858
640.5835
377.9440
813.8784
261.3192
567.4756
389.4147
713.7879
455.5960
600.4262
488.8433
608.5412
841.1647
995.3275
282.6669
317.6693
691.2662
750.9428
565.1935
293.3638
725.5576
707.1886
195.4148
768.6174
510.6923
282.6617
672.7865
962.7160
658.2173
496.3280
17.0020
958.5174
312.6184
43.1219
79.8346
580.9290
492.2074
698.5814
228.7952
165.9516
367.9714
919.0486
888.6600
313.3657
721.2005
518.3950
925.5917
51.0081
85.7297
135.5455
37.3306
509.2053
294.4574
823.1852
97.9150
467.9677
76.7421
945.8591
198.3939
258.2395
672.0362
464.3920
247.2631
498.9744
662.8287
193.7062
431.2089
338.3757
842.5306
143.3461
322.7684
349.2887
582.2329
575.2520
54.0542
972.6478
517.4805
107.5998
752.4581
390.6924
723.7285
308.8666
676.6224
813.9327
15.2647
134.1595
18.9733
370.7802
451.2969
223.2270
644.9668
10.3734
390.2945
333.4318
757.4727
640.5531
28.0634
37.4151
371.6339
997.2795
794.3565
95.1479
919.8917
469.6759
538.8534
369.3557
106.0812
740.3740
908.2357
602.5481
244.1942
499.5206
642.0465
532.4571
407.0254
275.2431
312.5238
759.7104
382.8192
244.5526
317.8500
947.9943
198.0387
429.2043
832.1418
764.3194
830.9413
617.4801
410.4418
609.3388
26.0778
906.1659
550.5293
673.8026
835.3441
923.0593
206.5866
270.6432
391.4930
780.9851
198.9709
738.6392
115.1420
906.1126
298.6955
953.3645
387.4923
577.9863
221.8301
480.2822
493.8556
863.1729
238.0588
190.0998
615.4423
305.6835
673.6776
958.7269
912.7380
245.9101
969.8468
77.5988
200.9730
829.7529
808.6127
180.7059
69.3834
785.6122
147.4083
404.1982
318.9051
307.2185
712.6994
549.0925
242.7742
997.4170
230.6374
514.1627
699.8580
447.2793
738.4726
742.5536
347.1135
978.6476
639.5714
348.6072
854.8449
853.2922
361.1305
189.5455
325.6012
404.8993
931.1348
298.1983
142.7107
216.4189
957.6271
187.4340
611.9423
198.7660
977.4974
593.5768
923.9139
132.4504
662.3780
789.6958
510.3966
777.3230
269.0842
523.4204
417.6114
166.3832
580.9962
844.3690
57.9712
341.0958
314.8862
126.5029
64.6176
618.3336
268.4104
233.0973
28.6910
895.5106
173.8451
671.0233
912.3930
292.6871
717.1494
642.2565
67.3875
304.9024
387.9707
299.9814
129.1546
822.2294
815.2748
286.8819
902.5191
627.6809
129.1855
743.5507
528.3636
972.4570
668.7221
368.8241
931.5461
203.8226
579.8057
853.5591
516.9363
197.4932
112.9616
26.5900
759.8166
380.7519
283.4567
172.0336
648.1431
793.7023
485.4403
320.1946
964.7243
67.8012
406.2544
299.1154
375.6025
551.5695
523.0627
788.5139
860.1500
41.8571
571.4638
536.5453
883.9278
379.4232
386.5472
402.0042
81.6856
133.9881
882.9591
999.1061
503.1411
450.3101
650.3689
393.2384
591.4665
994.7495
694.6068
330.7276
823.5005
134.8465
40.9088
622.0617
690.6488
408.0447
546.3729
728.9906
660.2715
405.6296
871.9399
935.1641
881.8310
602.9498
658.6633
93.9665
271.0412
195.3914
900.8368
41.6057
718.5012
516.1921
625.3848
55.1415
359.8863
430.3909
918.9645
150.5743
923.0164
764.3682
567.0383
775.7506
650.5775
326.4435
173.3855
507.2813
335.2084
870.0406
253.8054
331.6661
792.7423
636.4736
168.3730
513.6289
912.5518
193.6994
206.0649
566.3907
799.1352
616.6407
667.1661
759.2660
468.7063
632.7010
224.0028
893.7906
789.9322
832.8160
419.3085
941.8025
798.9805
424.0017
959.7086
233.4793
853.0647
112.8873
510.6528
756.6613
914.9816
157.2089
18.6015
634.5838
738.5060
520.7969
502.9466
287.1504
48.3190
471.8798
133.3065
557.3326
15.9514
573.6818
575.8364
473.6548
199.9631
511.2554
636.4831
411.0424
17.5723
154.9129
533.0538
766.1905
825.3291
558.4420
768.6106
703.4075
860.3715
751.9478
876.6818
945.1452
182.6243
237.2356
289.2854
22.1443
719.5582
573.9394
527.5077
514.0582
991.0241
235.7197
314.9351
727.4415
655.9437
191.6574
756.4397
329.2617
633.1503
875.8918
502.0632
156.5472
253.1703
633.1172
213.8561
508.9157
630.7806
324.5390
366.8100
64.2993
599.7868
589.2990
984.7396
485.6128
743.1675
670.1639
348.4714
10.6808
668.3476
788.2131
199.0604
920.8496
729.6658
138.1688
943.6922
670.7935
363.6082
659.5815
288.1312
131.0890
427.6502
399.6391
209.3402
657.4733
469.1922
936.6980
40.0388
161.6505
342.0661
548.8423
967.9844
765.9992
536.7253
55.1654
603.3150
782.5195
808.2627
511.0305
166.9685
476.2189
221.0976
908.4429
889.5244
661.8388
280.6704
617.9211
824.9570
452.5413
271.8148
624.1840
218.5456
344.2489
148.2774
335.2763
985.0459
977.7144
869.5617
430.2958
453.7221
597.6436
458.2973
923.4705
716.4671
843.1312
571.5557
417.6327
685.4773
942.7914
418.6460
925.8727
895.9175
371.3587
337.0464
442.6828
301.0831
206.1552
497.3094
790.5776
610.4638
748.4027
569.5207
229.5735
240.1776
733.7368
130.9727
135.7469
989.3504
437.0855
488.6571
111.8808
499.6736
793.6677
273.9988
716.8423
593.4596
632.5898
727.7877
85.8072
706.2190
439.6377
167.0066
160.0515
157.9767
816.8562
846.1759
767.0025
641.9792
327.8990
351.7251
124.1777
432.3262
316.2037
352.2568
991.1993
151.4839
404.8858
743.3344
578.2966
552.1796
569.2755
62.0820
269.6006
348.3682
510.6764
467.6510
684.8613
5.0643
17.0113
29.4767
576.3235
586.0348
663.5126
567.2186
628.5774
500.2227
854.3737
819.8666
211.7489
672.0887
383.1420
116.0824
300.5596
505.9394
839.8400
387.5001
186.5088
899.0900
573.6421
926.2384
980.3034
473.9349
875.3007
517.7714
549.1154
427.1949
139.3173
329.1332
531.0432
245.8203
218.6294
588.4451
163.0728
156.2519
399.4871
27.8289
672.4409
324.0711
742.5776
935.5696
80.1052
555.2383
389.5585
322.6266
202.8713
536.7412
738.5809
721.8412
454.6087
408.3465
854.9421
818.7588
697.6438
668.6991
135.8580
574.2242
192.7432
318.5627
548.6932
39.7132
641.1935
386.4282
992.5301
933.2686
246.4819
886.5655
971.8528
553.8265
994.4303
545.5480
395.9704
618.7724
571.7351
620.2968
646.9083
569.9491
589.1359
730.7897
142.9872
33.6490
936.6078
473.4598
135.6534
803.6026
289.6088
292.7418
518.7280
186.5709
820.3211
60.2045
136.7588
133.6665
951.2258
685.5272
65.8421
626.3039
119.5912
753.4349
104.2538
692.7125
422.6448
286.0863
50.1656
413.9000
174.3592
170.4058
960.1797
730.7248
272.4415
611.1989
662.2429
596.7260
961.0535
945.7781
827.0997
389.1464
669.6631
402.7998
160.2283
258.3891
850.0148
825.6893
616.3054
967.0954
15.8002
215.3653
716.6152
197.5341
70.8925
218.8135
85.4353
502.3854
580.1736
208.2704
320.8246
475.7787
495.1991
677.2201
732.1140
508.8248
664.4097
191.9214
834.6988
722.9526
222.8024
428.5916
340.6272
477.1433
716.6770
552.7975
490.4143
558.0498
130.8133
505.3035
635.8504
400.0869
412.2040
633.9879
966.8472
103.6682
690.1659
162.0502
309.2347
446.7073
281.9150
460.0778
829.7600
646.4426
506.5280
592.8278
955.2376
386.2524
201.7791
289.8143
941.3918
170.7729
916.1055
553.9579
598.8546
250.5366
11.9571
898.6391
609.3489
651.3312
447.4020
11.5122
278.5963
995.8554
616.2029
521.4698
776.3192
375.0857
923.3294
952.0554
631.1813
476.0142
413.3725
423.0785
77.2607
990.3345
388.6822
118.6804
379.6263
257.3164
641.6232
701.4684
234.4535
912.5893
706.7918
982.8279
435.7827
983.0370
481.1763
865.1745
717.3043
943.0711
841.5573
680.9315
728.0743
233.9424
799.9776
257.8831
230.7828
849.5925
235.9515
875.5240
411.6380
86.5286
546.8893
588.1761
218.6159
463.9178
815.7857
599.8454
202.5931
954.1505
643.6978
103.1402
229.0534
567.0581
903.5095
388.2606
923.4738
351.4813
497.2391
964.8838
777.4638
751.6379
702.4071
825.9879
479.2448
600.6570
383.7570
978.7748
514.9118
345.5456
382.9496
876.9887
354.4332
600.7863
804.6207
429.1466
256.2730
375.2616
466.2821
142.0729
93.1352
592.2843
292.3209
804.8594
148.1104
564.8455
817.5053
293.0432
617.8186
269.8004
582.2010
378.1729
556.1001
793.2186
587.1237
381.8808
907.1472
690.7666
989.0792
868.5432
994.4987
640.9777
280.4934
223.4870
24.7119
318.9802
610.9919
696.3327
822.7344
624.4011
863.8974
776.9920
134.5475
845.0848
83.6317
500.6689
466.5861
942.6536
196.7727
560.9131
323.8974
60.6943
25.3592
490.2954
787.7805
925.9569
266.1896
947.8384
308.4534
368.6569
65.9220
853.0937
112.9348
981.9516
44.9334
821.7335
957.1663
975.1171
783.5504
94.0706
352.0858
270.2653
231.4096
83.5552
703.7000
934.8239
747.3627
934.0902
835.3751
608.1206
997.7414
221.2959
512.2921
968.4648
163.4733
833.9531
88.9668
164.6467
596.7296
873.7468
868.4437
309.5270
236.7324
6.6073
791.8523
744.1620
66.2052
960.6166
391.8699
732.9933
856.2884
500.1022
516.0738
231.6681
995.9626
226.1323
141.5393
442.5232
165.5816
407.2424
430.5428
70.6291
460.0857
589.3899
650.1499
606.3551
87.6418
109.6578
745.0297
389.3216
628.8777
331.2259
260.6165
814.2504
850.5138
262.3359
774.6402
657.4984
445.5782
928.9990
836.4649
309.4027
90.1117
830.4383
681.7697
722.0573
715.2180
11.1178
25.9184
437.3031
193.4567
261.8594
6.7977
181.0673
714.6955
377.2887
824.8442
218.1892
752.4447
755.8368
822.3041
983.9793
268.0253
808.8765
274.1572
40.7019
748.9462
382.2546
38.0265
837.0817
723.5582
995.2777
768.4888
639.6393
106.3243
56.0024
500.5168
959.0970
775.8972
630.7963
185.0899
493.2203
510.4214
177.8335
534.7682
594.1958
253.3652
466.1424
969.3362
724.9294
418.4528
720.0597
520.2174
328.0023
432.0701
780.8671
361.2977
222.9299
212.3516
131.1904
751.4587
875.4149
993.0005
604.6167
168.6388
939.2435
556.3620
465.9773
645.2169
655.3365
451.9894
740.4335
528.4393
805.7832
691.8527
913.0651
231.9084
435.8929
931.4895
47.1763
527.7204
997.1351
598.4922
683.6103
826.9757
552.3647
15.8506
931.9400
608.5383
956.5657
246.7155
429.5153
541.3709
601.8758
346.1272
119.3351
189.8442
406.1070
901.9068
282.3667
893.7994
906.1563
668.0368
718.0353
918.7123
41.1486
195.5820
878.2029
720.4400
919.3948
899.5002
937.2322
27.4896
338.3079
411.6843
923.9577
828.7872
97.4567
345.7308
327.9893
245.3536
213.1807
101.3150
951.9467
601.7693
106.6509
211.1219
709.9025
368.6480
488.5156
977.6663
554.1101
866.7818
732.1803
770.0762
189.1461
676.6437
932.2567
994.7781
865.3283
9.8487
472.0104
624.3739
258.6769
293.5384
576.0253
206.4118
184.1603
500.0640
721.4697
850.8380
150.8956
977.1478
157.0422
321.0127
380.2517
232.1689
498.4351
755.4585
359.4994
513.2640
573.6751
207.1030
375.3276
723.6478
344.3185
100.3164
865.3206
449.8437
248.1854
223.3546
956.1191
436.3044
914.1280
232.2526
635.2541
585.5226
807.4233
600.3535
2.5470
778.9339
934.1507
358.5802
229.9944
477.4818
574.4722
178.9155
668.5987
628.5793
651.6351
262.8604
119.1426
904.0405
510.8821
129.3193
589.5553
429.4586
663.5155
533.3957
458.7859
559.2844
423.4537
302.4467
688.0275
751.8619
814.4291
438.5445
719.8362
149.1142
354.6407
79.0022
581.5071
158.1783
190.5617
755.2762
726.8276
145.0755
588.2631
579.3606
956.2991
449.2000
797.8669
107.9457
923.9993
809.0864
786.7140
187.4795
117.9922
130.4380
933.6135
569.7694
696.6287
555.8973
308.4401
266.9368
84.0720
269.7291
932.1168
704.6980
141.1974
360.2362
427.9961
247.2044
899.0012
394.5212
968.8362
57.6094
5.6768
856.5468
744.1519
982.8379
541.2699
889.1726
382.6033
979.2960
996.0895
718.9638
493.7955
88.3910
292.7277
662.2244
580.1012
654.1891
205.4349
533.0643
343.2745
891.2739
166.8475
746.8164
251.7600
26.5806
853.9581
202.3793
986.2899
769.8960
98.8906
499.1739
511.7484
661.0844
708.4531
373.1167
473.8155
816.5873
389.4191
977.5416
490.6575
451.7933
335.3571
565.8555
735.8850
287.5401
43.9228
246.1391
143.6641
812.6219
123.4755
806.1032
570.8109
591.3873
92.2774
831.2789
817.0587
277.3342
366.2887
166.8932
453.9353
748.8100
384.4037
385.1348
880.9512
372.2271
176.1080
296.4169
207.0350
776.7299
590.5203
290.4135
379.5932
672.9804
412.5998
387.3903
748.5026
862.4649
674.0548
627.6482
165.9741
121.7246
542.4260
251.5798
989.5708
640.6827
637.3022
904.9085
849.6169
25.6438
425.4296
883.1571
865.4745
45.9544
677.7131
700.3662
552.6847
847.6160
324.6319
89.2313
684.2094
768.4823
824.8738
748.1802
466.5281
230.4322
902.1780
18.5684
236.5650
432.8839
744.3118
19.3429
910.1665
498.0370
553.2940
662.6133
861.2699
924.0397
561.5631
226.4951
604.5117
94.0677
883.8784
738.7666
360.2374
467.5089
201.4802
911.4468
383.3752
413.0158
141.0281
442.1092
956.4198
968.0193
29.0721
869.3325
671.5916
378.1429
621.2274
368.2774
500.9635
744.8504
674.3185
723.3601
845.7472
32.3412
889.7119
865.0203
154.0385
914.4657
946.7097
148.2975
91.9517
637.6442
544.3892
923.8252
339.0977
320.6564
935.4440
313.9065
155.7658
230.3829
557.6814
273.1327
861.7740
968.8239
538.6442
580.7342
432.5983
36.1436
657.0653
408.2146
716.9010
503.4377
4.4993
428.8360
156.6532
626.4850
666.4399
704.4596
272.2508
422.9836
57.6332
440.1828
743.5578
921.4737
156.6467
355.4550
688.7810
81.7096
762.3547
473.5528
949.2263
645.2877
594.8902
577.6681
17.1801
230.9629
997.1169
303.0412
2.6213
610.6677
250.9814
853.3097
440.9182
185.7011
918.7394
227.8355
146.4954
718.2218
672.0582
198.4028
221.3449
288.6333
996.4018
778.8274
533.5166
638.9164
561.0521
950.8631
231.4430
323.3243
197.2256
437.0901
946.6771
673.8234
394.5559
56.5314
573.5561
147.4197
726.8318
143.4428
103.7400
750.3310
52.3695
414.6220
939.9109
358.4615
618.7438
830.9077
910.1730
978.3995
148.5674
242.5892
525.9181
260.9613
661.4643
310.5163
518.4121
760.1608
462.7074
992.2238
318.3746
865.9601
890.1688
951.0832
315.6601
321.6641
290.2059
156.6953
965.5637
864.9444
244.5405
588.8136
102.3243
938.4648
91.1996
68.3877
397.2129
978.3694
17.0124
360.0854
984.7741
483.8977
537.4334
896.8979
553.8019
101.0153
221.2319
287.7934
221.5849
799.7298
882.9045
500.5553
253.7703
740.4865
1.0293
386.2140
51.5705
855.3170
805.1450
908.1048
921.6238
637.2967
766.6065
544.5314
486.1987
215.3619
424.6052
150.6142
868.2906
609.2583
847.4443
80.3263
69.0966
235.1614
904.8485
467.4728
660.3037
934.9209
224.0306
416.7004
430.0287
393.6436
144.8867
332.6773
755.2885
325.9309
200.1667
883.7190
727.0044
98.4742
430.1894
751.4209
386.6957
427.5582
685.1651
981.9929
842.4485
550.2939
767.3798
770.4853
221.9017
686.2615
312.6079
951.4106
51.0961
983.4982
43.0870
653.1319
88.8498
641.9587
881.1258
327.5356
73.5335
655.3059
109.1102
671.2696
34.0450
349.5487
191.0507
595.7583
78.8790
319.3377
289.5564
607.5148
570.1931
198.7597
430.6797
824.6319
294.8249
983.9397
725.5530
658.9155
386.3985
451.1581
392.2113
597.4441
850.0750
887.5536
192.3616
467.7536
488.3667
92.9802
660.9082
495.1665
524.4102
20.1430
506.1998
756.9391
972.2259
743.0938
254.8217
832.4900
367.4769
874.3094
483.5944
107.0037
548.0865
863.7794
822.7881
922.9389
499.3191
873.8323
609.2567
97.1919
7.2584
430.5565
52.8837
175.4707
641.2065
100.0247
930.2412
784.0540
236.4823
496.6993
456.9221
30.1337
845.1885
470.6458
435.4735
588.3369
492.3373
639.7951
563.5033
875.6400
244.0859
201.0112
798.8988
84.8756
809.5963
106.7661
74.9220
495.8875
884.2200
674.2288
351.7194
992.2423
561.6391
992.2841
90.4178
559.4331
648.1243
478.4360
277.5682
241.7721
336.4295
886.8560
745.4277
695.4722
390.1370
760.4058
258.5590
299.5172
512.4664
882.8708
56.8210
592.1504
184.6782
212.5931
697.0820
568.1503
507.7959
835.3662
923.9988
650.8895
367.9633
667.8971
261.5744
105.9208
763.5348
81.2537
563.8420
939.7703
949.0734
608.7011
670.4522
422.3238
663.6751
866.7467
561.8424
497.8032
521.9890
986.1502
155.0562
608.8533
400.4644
556.2493
781.5268
978.6193
293.7530
8.0709
644.5852
939.6368
777.4934
651.9955
359.9527
3.3502
86.0581
644.3039
309.2948
37.0695
479.4397
411.3898
105.4359
794.7688
707.5437
977.6158
108.2741
839.1720
12.1170
979.1964
107.9759
982.5586
784.7491
688.1491
195.2538
273.8803
514.4545
880.1198
22.5186
779.3408
618.9480
888.9652
634.9170
759.1602
587.7947
873.4431
505.4866
105.8503
199.8625
400.4340
986.3800
848.4719
244.2647
492.6778
658.1204
185.4316
409.5195
204.3515
822.7870
521.6415
163.8556
96.2043
691.2913
800.5821
921.2533
621.3483
25.7017
353.3517
386.5043
589.1059
984.5623
989.4921
721.1929
24.7439
561.8908
83.9058
224.7728
826.6722
742.0458
849.8967
832.4354
326.8598
617.2410
964.5139
898.4217
498.6589
713.2996
457.1129
37.6909
813.2443
962.3752
400.5022
197.8520
724.9343
819.4504
739.5977
654.7179
451.9059
789.9053
705.8936
134.6174
875.9552
48.9931
868.2035
492.0038
724.7694
361.8733
907.5166
857.2221
691.0134
549.4998
106.1363
991.7767
871.4050
769.0477
673.7011
356.9617
508.8382
143.7874
164.7627
154.1175
111.3766
595.3018
396.9759
994.7554
959.1092
504.9167
795.4214
122.8570
773.8957
906.3761
136.2202
858.0631
813.8841
945.1344
500.5054
374.8894
789.5296
48.9949
159.9505
197.9171
36.1892
762.1743
917.4147
636.9040
835.3278
568.2202
702.4059
947.2022
846.3315
80.2701
359.6583
82.5996
716.5969
633.7110
646.3229
742.8603
415.2304
406.7392
360.2768
752.5034
292.3947
358.1905
261.0038
812.4379
345.1025
503.0892
519.3258
467.0881
352.0724
434.8898
192.0713
885.8549
625.5890
2.5365
77.5452
360.2981
498.0468
378.6810
349.9502
721.1837
983.5397
827.3197
604.7134
533.9567
691.1916
618.0334
293.0638
967.8356
986.4842
966.4712
579.0435
484.4651
412.5380
117.4718
256.6815
331.1010
477.7353
216.9278
517.7647
127.0450
521.8768
496.7417
205.4820
917.7366
419.0756
917.0947
907.8224
796.4263
323.7205
720.3904
968.1497
363.7838
618.4226
468.7753
394.7439
648.1384
483.2323
568.2547
184.5300
786.5752
233.5927
760.8705
277.5148
244.4293
813.9074
952.4633
319.7532
785.8945
275.9163
65.1943
660.8311
920.9457
790.0069
53.3757
338.7578
868.5184
749.1168
318.8278
699.8112
438.5246
947.4768
81.5495
899.4936
928.2787
110.6318
532.2842
183.0238
934.0001
640.2684
467.9479
798.4926
559.1624
446.8531
436.8132
615.4851
508.4799
537.5280
925.8618
846.5138
362.4946
100.4676
667.1655
163.8949
275.8520
829.5978
790.5296
461.9655
847.5738
878.0447
503.9927
455.9831
967.8050
6.8066
269.0121
937.3165
572.1362
927.2115
240.3370
70.8359
891.3124
64.8487
859.8710
793.1291
503.4839
570.8693
276.5897
328.5775
169.2612
625.8361
150.8993
538.0340
304.3849
356.3688
532.4246
410.2802
315.9626
901.9405
163.6929
182.5173
397.1843
629.1758
63.9798
748.2539
450.5317
745.9553
354.7342
117.3363
913.8607
392.2338
324.8493
568.5536
575.7249
46.0961
564.0015
756.8271
623.4584
36.1581
635.9379
396.9042
81.2356
363.3029
507.2588
376.6339
232.9299
805.5089
68.0164
30.3805
235.6783
767.6967
153.8416
879.4760
263.6904
299.0023
117.2677
819.7634
87.6857
247.4534
709.3732
393.1019
491.0084
459.2037
965.7342
506.4270
333.9674
577.3664
910.8519
700.6285
225.4853
238.1226
549.6001
985.0610
128.1126
647.1234
472.7206
756.1900
445.5181
259.7815
220.4872
650.5842
438.7145
573.9140
973.2838
361.4824
624.7623
630.0793
529.0208
595.6977
121.4240
993.8211
724.2820
313.7625
993.7064
606.8684
314.4785
237.2656
893.7799
668.6066
681.4813
702.2817
293.4167
567.5127
549.7759
387.6115
352.6217
227.1820
523.8801
363.5073
791.7863
402.9379
348.8499
849.8518
128.3862
352.1647
25.4655
877.3014
974.8211
33.6917
286.5397
797.1775
737.6251
0.3173
238.1914
112.6015
87.0594
265.8270
806.3875
501.0211
99.1671
23.5045
195.3204
782.8095
58.7303
248.6319
457.9945
7.4860
35.1111
964.5965
993.8289
76.2597
633.1429
96.4484
834.8268
614.3860
71.5011
83.6039
248.0587
326.7772
788.6808
321.8842
977.7295
507.7580
3.6935
109.7531
716.2555
193.8348
246.3904
419.0902
422.7171
453.9688
484.7081
361.0239
824.6023
461.9024
351.1187
218.8353
249.9633
524.3343
834.0217
717.5680
702.6349
324.7587
641.5749
131.6152
509.5251
682.0977
690.7673
316.5897
103.7801
412.3702
428.4201
110.1475
546.8070
686.0760
436.3176
500.0092
714.0468
488.7049
467.2958
872.2925
976.7485
409.0367
608.1817
694.0152
140.6774
90.6079
353.7424
235.8823
737.1467
827.0516
700.4257
909.6499
302.6844
126.8032
684.6467
185.6343
598.8324
145.2997
962.2107
802.4287
690.2097
258.7703
860.5514
344.5287
324.9141
894.1546
201.0605
493.4959
367.6195
524.9193
541.6128
361.2029
226.5165
885.0682
293.2170
872.2732
824.3431
733.1774
197.4536
397.1441
490.7249
341.4005
326.0738
533.2692
851.4350
696.6943
414.0543
452.5396
273.9283
133.7368
959.4485
320.9525
268.0995
178.8602
298.6998
388.8552
260.6950
607.8875
887.5109
879.3952
740.9169
560.5294
130.2079
959.2718
251.3406
825.3821
471.1347
596.7260
768.2589
992.1668
545.9133
128.9760
833.2115
167.9858
875.3023
695.8093
651.3031
651.9220
852.3200
942.7421
636.6470
696.8025
400.0194
876.2695
468.2690
877.9043
899.7914
613.3570
184.9262
947.3613
992.6683
770.7200
19.5120
958.6907
190.2754
971.2418
413.1108
476.1068
536.1586
33.7882
458.1887
106.0454
848.5694
561.2301
829.7109
280.0478
303.8730
199.8242
849.5905
77.7185
310.2624
843.6115
727.7595
69.3088
441.2918
119.5707
293.6999
290.5170
603.7472
914.3937
106.7402
725.7108
126.5838
467.7797
585.6651
361.7912
855.3794
634.7641
514.5962
729.3593
742.3886
838.7703
917.4556
737.7765
686.2440
322.0426
628.8193
366.1445
957.3876
381.3714
162.7191
467.1461
860.4574
415.5633
516.7206
361.9530
844.5428
666.9829
162.9449
190.9918
439.4258
411.9768
391.7494
709.7322
130.9827
460.2281
524.1193
317.8515
758.6669
931.9836
22.8862
487.1076
20.2003
870.4305
402.1351
546.4835
252.3633
302.6763
101.6485
197.0561
888.2010
897.2847
592.4288
160.7802
220.8576
29.2780
408.5180
739.1435
887.9877
629.8489
159.7279
774.0991
388.0485
174.4242
12.9437
180.3909
261.5993
232.3622
560.6185
69.7064
275.3473
230.0310
194.7689
402.4080
405.9358
452.9925
925.3459
338.9473
128.8565
569.6994
951.0540
95.6645
422.7860
912.2692
685.6692
974.1387
89.9564
796.7917
173.9263
637.8845
386.3260
638.9762
454.8201
174.2745
310.9012
962.2530
575.2908
579.1409
482.9088
500.5198
494.7294
722.2948
754.5616
87.2520
690.8783
945.1006
769.0234
11.0222
47.2184
104.6494
287.9355
65.8878
834.4278
937.7784
206.3801
194.4119
417.4047
304.7448
96.2712
281.9189
590.0210
7.1210
542.2306
545.2852
642.6611
894.1441
212.0137
425.4846
867.5305
894.1988
849.8100
642.6565
475.7073
394.2517
425.8467
311.3850
562.7243
839.3905
285.8131
588.5221
452.7930
557.5233
8.9643
730.7431
620.9482
176.0219
347.0650
448.0236
256.2894
959.8208
625.8140
8.7402
181.1374
550.4350
573.0990
551.0734
407.5206
442.4782
177.8412
268.6036
816.6513
853.7921
256.9063
477.9805
30.6965
292.0113
969.9728
162.9453
399.5961
802.4384
966.1055
356.1439
639.5088
966.6030
689.2430
666.9486
177.9543
297.1804
929.4796
979.2958
51.2535
304.6389
420.8399
417.6979
161.5226
373.8415
255.0905
986.2429
662.7761
7.1395
260.8375
822.6832
620.2549
721.3545
308.6445
285.0089
290.8084
392.2313
814.4585
419.6394
239.5796
512.3914
758.2720
249.9966
496.4381
874.2852
868.9316
368.0044
323.5674
789.9974
600.4441
324.1963
979.5277
115.0937
222.1824
792.9661
117.0049
356.1677
307.0176
279.6304
93.9369
947.8419
806.7754
820.5018
286.1146
455.6796
376.8783
186.5223
438.3382
236.1236
627.6960
261.0838
859.7601
251.2787
693.7793
918.4511
685.0590
644.1514
634.4497
510.0122
807.8291
102.7739
954.4373
57.5226
765.0552
534.8811
656.7045
264.6944
17.1828
984.8131
139.2715
809.4119
381.5068
836.0529
177.7904
758.9361
38.4684
288.9444
519.7332
57.1830
672.4701
69.3978
277.7687
797.3151
278.9492
967.9445
87.5842
454.4768
283.5487
539.8591
43.5402
275.8736
767.7567
612.0851
389.5277
360.0844
6.9698
855.5240
142.9603
852.8188
681.9326
414.3865
393.7945
156.0550
132.8840
444.6234
97.9397
288.0676
523.1565
409.2797
983.9588
680.5558
294.0006
970.4299
70.9124
784.5024
396.6422
674.8863
981.0878
280.7507
635.9952
597.0107
565.4723
417.0141
79.4444
467.0138
950.6693
595.2186
4.6997
693.3920
794.6873
711.9848
73.7091
729.1774
268.1133
653.2817
973.4400
645.0864
837.8177
258.5056
270.5708
531.4865
493.1241
689.2788
365.5942
536.9950
812.0068
322.1092
871.3582
178.1454
862.6811
901.0508
12.9381
470.5841
444.8342
973.5046
716.5239
968.0796
978.2946
172.0246
827.5876
930.6578
840.6339
411.4280
390.4523
854.7193
90.2314
232.7675
367.7052
262.5717
450.6843
475.6009
735.5160
517.5903
222.8131
282.1156
111.8404
12.9281
453.1888
718.0735
610.7832
426.1329
413.0106
880.3710
968.7734
46.0473
229.3220
887.4097
881.8482
179.0321
153.6348
566.6983
477.3879
242.2562
872.3388
984.2111
638.5544
758.2229
76.1076
850.6863
909.5164
55.0420
593.7087
591.8939
514.9129
630.8728
421.1121
869.5620
321.5303
31.0975
335.9700
306.6218
945.0661
238.8297
708.5456
36.1969
725.1058
781.2533
783.6677
607.1432
723.2431
860.0775
865.9122
484.2843
504.0256
724.3170
547.3036
532.5188
628.8860
920.9698
349.4977
198.0997
990.2813
780.4548
481.8791
115.7805
885.8829
745.4764
766.1614
473.3080
490.2900
833.4396
239.4858
731.9075
636.4112
985.0271
749.6112
130.4389
75.6573
870.0632
94.7007
704.1170
472.6522
892.8891
219.6614
902.0293
963.9099
329.6265
930.8147
81.3788
921.6349
383.1748
773.0602
90.6866
177.8800
913.9959
91.4473
925.5602
512.4127
50.4595
30.2654
686.1844
210.5871
534.0164
206.6471
875.8829
465.4630
488.9485
129.3131
570.7974
778.7602
574.0912
378.5198
109.7508
564.0880
449.8965
571.7144
541.9669
336.6539
311.0044
193.2946
278.4090
108.3698
549.4490
663.9172
22.9853
103.7220
694.9507
613.5244
345.8331
172.1623
481.1855
929.4281
231.5630
493.4748
615.9624
444.9110
864.2782
754.6509
695.0134
212.6345
715.8856
523.2757
52.4758
49.9714
377.0184
906.4912
750.5099
643.4706
83.9001
333.9199
757.0000
505.8280
828.0016
477.8649
322.1230
358.9708
156.9341
73.9698
467.3502
766.6655
134.6136
579.9222
793.6821
336.7181
633.0015
618.0455
859.1907
598.8545
756.1326
137.7980
634.0504
477.4838
514.0543
18.8833
331.3166
463.8185
683.8063
747.0731
913.1615
124.4371
464.7060
240.5202
415.6799
813.8137
846.6306
659.2455
614.0339
766.6241
474.8087
61.4855
396.4204
38.5521
963.2541
95.6428
404.0906
99.9015
291.7601
297.7435
880.2768
138.7597
703.6572
420.4143
919.9584
971.7617
121.4324
387.9478
786.1037
826.9164
365.9821
693.0649
185.6058
829.4963
427.9225
964.7169
748.5516
685.0104
496.3004
124.3546
273.0096
902.4757
80.9105
896.6083
655.5891
305.8147
515.0224
371.8706
699.0596
119.0799
433.5447
800.8693
916.0285
545.5969
579.7385
936.0429
277.3035
39.3649
870.2712
999.0953
143.0155
158.8357
221.0267
504.9349
777.8102
624.8196
295.7197
925.5313
719.5781
275.8833
256.2664
332.2038
325.7067
675.5539
366.5632
705.3843
687.8866
927.7979
527.8807
999.4789
770.9350
782.9273
777.6676
597.9381
760.1617
528.3991
744.6589
636.1457
678.8562
126.1141
424.7482
644.8025
945.3839
840.8458
87.3141
477.0287
262.1601
592.8555
428.4150
507.2874
642.9622
751.7705
766.2336
571.9006
453.5012
583.5085
928.5963
383.0017
976.5739
660.8702
988.2716
98.4525
918.5732
479.9724
129.8245
564.4096
722.6005
71.8903
213.7046
178.4556
689.3102
387.4773
421.9106
958.6536
273.5276
506.8100
392.6580
78.8702
954.3633
175.3401
359.3448
213.1637
974.5016
436.7575
149.5452
689.8579
514.1265
796.8863
371.2986
661.2521
31.6523
822.7465
693.3370
905.6039
713.2017
469.9232
679.6105
466.9469
662.4956
871.7749
173.8569
621.7526
997.1695
198.4073
47.5870
590.1040
72.3602
400.9158
934.1637
761.7336
684.4946
329.9854
859.3444
767.2165
573.0519
503.8736
973.7830
718.5452
112.1496
787.7449
876.7992
621.1884
18.8591
23.4448
748.8058
254.4389
670.8240
585.6653
899.8822
780.4583
535.2174
464.7227
218.5175
815.4400
920.9029
290.5252
332.7170
149.4006
288.8215
148.7301
101.2498
99.6816
629.9611
173.2765
611.2213
9.2141
994.2641
19.3769
247.3992
104.5302
752.7093
723.2421
421.1959
311.7559
656.1919
841.7884
801.1260
731.6168
179.2537
738.1306
341.9746
15.4867
455.5417
102.0041
502.6706
11.7362
604.7348
573.9908
437.9380
824.3677
486.8252
821.9825
109.0703
520.1954
930.3089
258.3592
733.7532
933.3967
283.7221
458.8706
767.7864
496.7254
68.1377
723.6114
307.5512
857.2570
285.0079
858.3122
498.4975
776.0404
489.5097
543.4445
291.7682
973.9212
368.3159
653.0166
666.2349
460.8686
666.3566
129.0644
649.1414
748.3048
452.3109
294.7225
345.7765
284.1057
151.7768
120.2618
966.0353
22.2870
91.4672
787.5645
588.9975
991.2599
290.1116
968.9366
210.2259
648.2067
632.6777
454.2288
334.8869
273.6867
591.3758
561.8708
653.5025
80.0404
899.3296
157.9375
824.7670
134.1209
418.7011
781.7610
729.9384
989.2969
661.3906
455.0361
690.8220
181.5537
268.9919
657.1518
660.4255
845.0292
962.9468
632.1136
685.9326
133.5218
8.9168
82.0323
427.7645
726.9689
237.6934
173.6369
292.6021
117.8849
840.7911
604.3209
868.2308
9.1960
27.0652
472.6812
315.9685
657.4670
375.1253
23.2684
309.7808
749.9759
856.7828
512.7591
698.1962
960.3995
368.7038
530.4258
404.0828
148.1455
915.7530
974.6164
794.5758
989.7934
161.6067
413.0955
527.8102
401.4684
623.6972
570.9111
182.5189
169.5979
847.4706
947.8628
73.3387
275.3686
746.2722
9.5815
358.1447
369.1762
766.5338
516.5873
621.4047
851.6977
302.0906
631.2576
500.5537
937.4215
951.4504
942.5378
166.9552
598.7236
78.9894
438.2206
370.6462
63.2758
839.6151
147.2227
519.9697
684.7269
89.2004
29.6722
130.1504
757.3943
554.6843
823.0183
133.7726
884.1525
446.4261
457.2184
741.7552
172.5233
509.4009
349.8955
309.3904
802.7268
302.5169
593.2192
254.1849
87.7115
591.7951
16.6187
717.8847
264.4642
568.6347
697.8819
653.6299
203.1547
851.5009
167.1476
634.4484
628.9348
190.8603
820.5333
211.4074
865.0717
131.3169
299.0802
475.8974
168.5790
325.3654
286.4563
111.1769
63.0178
345.7993
976.9464
491.7644
474.9552
464.5442
641.2626
914.7754
554.4857
77.7587
899.5748
853.0636
477.5339
172.8362
837.9826
737.5485
19.1731
94.8449
480.6367
987.4756
252.1155
817.1359
389.0427
850.9409
540.4432
259.9278
642.4966
295.9657
988.1372
588.0151
893.8644
663.8857
198.7116
59.5699
517.9242
917.8227
582.8644
162.0356
680.9523
111.4476
13.6527
93.8573
502.7935
233.2548
546.9206
302.2584
872.7597
983.3347
638.8422
755.1023
84.2390
891.2572
562.8776
140.4652
545.4445
72.7295
25.7508
160.3944
868.0524
831.8119
692.2853
258.4337
55.7141
869.2774
544.1306
773.0901
281.9304
407.5954
82.7435
891.6876
286.5878
255.8788
944.2021
553.3829
802.3849
26.9217
329.8536
957.8133
362.7856
138.8192
66.3277
456.3255
629.5554
596.1239
275.7047
632.7919
170.5397
288.9213
814.7801
844.6448
440.5277
765.9800
835.8432
44.6884
459.0535
461.0328
205.3208
449.1993
505.8491
790.4168
257.0962
315.4925
601.5415
694.9848
155.1509
642.8917
811.5045
801.9998
614.8618
527.6478
752.1995
704.0469
801.7898
769.7575
623.2880
898.9576
998.4084
323.8071
215.9678
821.5489
808.7245
434.1892
160.5055
802.0125
637.1200
247.1862
628.3120
264.3723
904.2431
558.6941
110.3455
880.4268
549.9907
616.7762
90.9529
499.2913
746.8444
314.9775
193.5154
438.0474
686.6170
521.7570
520.5646
878.6936
555.4838
344.5011
639.4729
43.9738
398.9510
714.8580
760.5577
464.0952
440.4367
62.6104
868.1140
905.6943
832.5762
900.2037
283.1786
333.7989
515.9583
494.4404
247.2731
787.6331
910.5992
999.5788
367.9639
908.4536
775.8611
911.9502
534.8040
373.5412
172.5857
460.8291
366.5098
804.2844
768.7341
244.2615
805.4586
552.9283
71.2418
131.7682
763.8425
897.5557
91.2134
757.8345
967.1322
119.1269
857.2191
54.2915
107.4336
674.7823
259.0036
258.8220
243.6370
362.3779
728.1724
185.8395
953.5575
126.4963
141.6751
572.6046
529.3072
493.6884
386.0198
615.6597
628.6107
485.7192
545.7167
89.7759
482.0919
571.9777
442.9530
564.5895
308.7450
148.3331
96.5055
55.6462
102.7979
494.2760
9.4499
380.4556
197.3615
225.9888
837.6404
89.4124
376.9245
291.3336
17.2725
710.5803
831.7185
131.3591
538.2061
885.9270
165.6226
695.0024
68.3191
970.4276
860.6814
969.8429
138.9949
758.7525
405.5456
67.8239
693.1210
400.7328
903.6277
126.4574
69.1506
103.1225
140.0135
14.0256
413.1925
58.4819
156.6971
887.7816
176.1085
58.5636
762.7727
291.3600
563.3274
102.6797
579.2048
227.2149
572.0549
121.4309
744.4917
438.2875
802.2319
499.1213
194.5481
483.3899
597.3547
940.3857
693.1011
384.7608
566.3840
204.3256
193.6043
962.8177
394.3366
266.3954
256.2739
775.5140
885.8793
603.9072
285.2989
492.7171
13.3910
167.9078
247.0788
444.0283
938.4671
866.1306
680.5358
402.6011
63.0529
608.2465
678.9657
772.7987
172.4252
354.6969
713.3524
497.8804
539.8091
960.3724
328.9372
365.0016
24.4152
506.4582
805.4626
284.1554
383.5551
404.7392
975.1800
47.5042
322.6893
584.5043
716.6209
711.3887
501.7394
171.2979
366.7283
556.3586
589.8546
134.4734
95.8974
847.8161
423.8732
94.9362
23.7218
404.7569
131.8847
21.2059
395.0793
995.4853
496.9695
407.1870
616.0683
991.0940
464.1042
363.0064
312.9537
515.6647
954.8403
286.2692
290.5837
72.9266
117.1107
789.1698
412.3254
891.1966
443.1519
518.5309
261.2374
982.7202
178.3523
399.5848
595.2244
309.9974
846.5579
376.2938
557.8045
551.3459
186.1928
455.7853
43.6536
445.2294
49.6809
229.6781
246.8235
243.6312
522.1916
466.4701
22.1995
339.4280
138.1493
795.5056
597.1631
812.3714
579.2881
508.9809
473.9233
86.3863
253.7701
976.8746
559.0517
293.0517
578.7769
715.1178
935.3170
375.1312
880.9468
998.3989
326.9103
739.3846
938.5807
996.8753
611.1068
490.7682
354.3955
207.1137
182.6248
960.3770
675.9458
807.6296
991.3081
168.9806
584.0984
843.6220
433.9632
608.1010
968.8028
623.6581
893.5024
808.8818
665.6546
48.3328
458.2926
472.4203
510.9912
827.3254
655.0456
909.0244
174.9313
913.5520
819.8681
587.5148
430.5344
689.0227
31.0712
612.9962
737.7306
368.5884
482.5430
831.6604
735.2757
578.4968
107.2091
464.9603
813.9468
566.7479
84.1088
789.2669
258.3666
969.3442
276.3051
214.6040
897.7008
331.9693
233.2501
443.5752
961.6289
588.2557
333.4881
616.1374
747.7568
130.9607
113.1169
954.6362
550.0968
724.0158
996.7061
550.1165
634.4480
239.3371
419.1921
247.3772
463.4096
520.4510
70.6194
953.5965
998.4580
377.3463
576.2201
399.7341
550.5118
198.7011
296.4146
957.7040
902.3735
906.4737
796.4588
472.7681
458.2636
899.6897
231.2287
439.3468
71.7417
627.5280
988.2704
193.7047
870.1954
555.2482
636.6932
153.5802
997.5188
342.9707
107.4744
249.3420
531.6760
571.6292
734.3660
737.2639
143.2159
197.0071
840.4551
774.8548
661.9527
204.8034
444.6554
798.4809
604.0037
982.5806
371.3804
730.4887
793.2075
571.9868
447.0095
789.1121
837.4620
369.0349
919.4590
807.9185
200.2347
183.6647
922.4187
319.9690
551.5940
981.1921
143.5842
430.3326
956.0241
438.3651
888.1033
19.4841
802.5580
769.2443
758.6769
204.7885
988.2224
629.9088
94.9199
181.0001
955.8650
292.9115
71.6095
569.0468
851.3625
402.7971
736.2095
570.7179
750.1919
659.5961
485.0176
849.2882
230.2252
620.7839
602.2687
325.9185
602.8546
681.9432
311.7825
670.7916
21.0779
746.7215
295.3939
381.2885
809.4561
979.4712
25.7007
875.3905
183.2505
7.9375
832.2463
551.1168
837.8646
258.5287
262.3884
348.9094
413.0924
716.8080
62.0631
554.8007
250.2373
389.1064
422.0786
976.2745
151.9540
570.5121
702.3647
358.7663
154.3091
364.9794
786.8524
202.2145
837.6577
487.8329
331.2536
241.5529
804.6733
20.1493
255.7345
617.8746
311.1443
389.9398
448.1421
620.6753
716.8224
36.2326
233.8065
576.6876
696.6729
263.3916
790.3354
345.7003
595.0394
812.5129
873.2131
938.3934
960.6711
20.4799
331.9154
308.9876
980.9521
344.2465
851.3233
185.1122
990.7841
423.7861
140.2788
331.9983
583.8456
452.3562
205.0033
997.5931
81.7607
664.7956
883.4913
956.8610
276.3307
570.9392
938.3228
247.2552
278.5142
364.1849
291.8899
169.5132
401.5581
821.0278
375.5452
970.6737
831.7036
487.4785
929.3065
995.6300
875.1012
486.4033
593.4688
885.4033
244.3317
693.0389
753.6366
73.3530
231.1129
5.9640
583.9568
979.6862
143.5274
533.1542
271.5213
930.3267
430.1995
464.1780
762.8042
371.3866
340.4513
466.8480
501.5154
854.9378
415.8856
765.1165
595.5362
108.6986
870.9066
862.2749
45.2846
78.3171
18.7978
190.3107
149.2198
290.8310
111.1009
437.6768
813.0897
255.3108
989.2982
575.1821
319.7229
121.3389
939.2008
710.9545
119.5920
78.4351
425.5747
885.8197
913.8740
687.4518
62.6979
823.4204
760.1933
567.3023
851.1613
275.8115
628.8753
504.6643
764.8634
78.8778
620.3704
291.9577
542.8750
516.4546
368.3510
66.9251
162.4297
195.1844
529.7187
484.0838
395.0467
569.8404
676.2157
103.9187
591.5428
512.4291
296.7876
472.9664
107.6866
357.4464
201.8170
931.8581
239.4618
999.5205
284.6830
211.2869
176.9421
737.3382
971.8472
934.5847
923.3782
355.7411
23.9668
919.4740
102.6617
240.7671
374.5430
601.4265
143.9555
575.8054
327.8263
973.9224
504.8502
178.6666
846.5337
972.2621
385.4736
719.2922
570.2662
561.4805
760.3102
845.5941
640.7176
454.5902
100.3393
995.3133
952.9133
475.6713
110.8963
312.5415
211.9182
250.1573
452.5337
750.7810
235.9913
903.0050
539.4021
376.4674
511.7777
38.1443
73.5189
588.1220
357.0761
194.5328
603.2884
458.1959
513.9446
276.3532
192.2046
638.4789
337.7195
617.7418
587.2838
405.8739
782.5678
676.3445
504.1832
484.2979
80.4620
48.0356
577.8729
96.4532
21.4235
802.5601
813.7405
150.2412
490.0237
229.4266
194.9804
157.3483
711.4717
719.7434
603.3042
305.4281
165.7305
974.9420
949.0466
651.9623
611.9860
257.1099
397.1313
891.1286
587.4309
891.0841
396.3995
338.4621
991.3371
626.2998
61.6789
778.9255
933.6631
180.6701
37.5449
688.2074
75.9728
977.3640
973.7798
487.7445
697.7927
869.0224
900.3020
17.7217
214.0563
175.7189
957.5400
890.2434
141.8402
999.1331
87.4022
996.3136
137.9187
838.7139
645.2943
170.0764
103.3252
214.7043
527.4337
530.7252
235.4976
337.9330
548.9817
413.9596
491.1189
563.4984
376.0141
709.3741
165.5948
205.4438
288.3602
222.2212
458.3524
428.7176
238.3874
833.8714
147.4549
48.1045
376.2765
363.5535
631.8009
50.0388
40.4793
684.7006
543.1830
191.8246
774.8056
397.6129
95.6349
788.7883
556.8291
914.6920
709.6039
380.6342
885.4642
953.3914
115.3433
117.9050
544.7566
38.3790
53.5296
403.2371
294.9550
950.2337
619.3835
830.6325
531.8605
825.4907
977.1969
793.5536
660.3198
212.4474
345.8187
894.7706
859.3007
788.1906
932.6894
738.5860
345.4368
125.0501
767.0242
434.4395
320.6840
184.5112
607.6063
602.8214
399.4586
391.8248
945.3434
694.6251
561.6392
61.4045
356.1648
943.6764
703.0586
997.3791
541.8320
581.1986
597.4655
152.8980
687.4943
174.6521
198.3845
914.2828
419.9112
938.2399
964.2620
407.8898
68.4470
306.6986
375.5548
719.7571
176.9125
324.6945
200.6147
107.8097
568.7357
375.7738
17.8481
845.6963
140.6191
729.8348
138.1770
42.1108
624.0579
805.8320
472.8090
944.9612
535.1170
98.1059
966.5328
90.8694
759.8382
316.6203
254.9933
636.6817
609.6868
308.7923
661.2054
761.9495
701.2135
235.1981
317.7149
595.6966
354.7516
85.6526
785.0728
810.3988
598.2171
617.6488
693.8474
426.1597
986.5957
671.2729
111.9840
383.7889
85.8369
293.1812
37.5939
629.3786
78.2709
838.6879
943.0649
310.7636
770.0617
711.6614
852.6716
126.8207
78.2842
166.7684
124.1799
423.4737
388.1750
101.2353
51.4267
207.8773
220.6446
316.3451
924.1770
715.5232
327.7122
235.6369
225.3709
148.9128
828.7806
994.3143
331.7458
186.5116
151.2326
286.2453
454.7571
740.4943
827.7389
444.0068
214.2230
222.6693
843.5541
825.6851
537.1497
536.3023
977.9304
752.7728
545.4116
559.7663
733.6819
735.7218
471.9202
454.0021
708.9426
854.0792
274.9487
477.1162
822.7075
